123
Aedaeg_AAEL000511-RJ       0.0000000 0.0000010 0.0305007 0.0435003 0.0425279 0.0433364 0.0433364 0.0393479 0.0412296 0.0391137 0.0470730 0.0433327 0.0391441 0.0431214 0.0433742 0.0432806 0.1509931 0.3143397 0.3523185 0.3253745 0.3302366 0.3728160 0.2992508 0.3048547 0.3056906 0.2725836 0.4250292 0.8054305 0.5696939 0.8377959 0.6473505 0.7305521 0.8619914 0.9029565 0.9686957 0.7896738 0.7366500 0.7892133 0.7985476 0.7939111 0.8599475 0.8574494 0.9152356 0.8522732 0.8350183 0.8304680 0.7987233 0.9106589 0.8048828 1.0406349 1.0399256 1.1031462 0.7943525 1.0558109 1.0418604 0.8715423 0.8774497 0.9021158 0.9021158 0.8796302 0.8796302 0.8716614 0.8874061 0.8852470 0.8874061 0.7810555 0.8807838 0.8658971 0.8867860 0.8828728 0.8838860 0.8342613 0.9269246 0.9911600 0.9800892 0.9800892 0.9971621 1.0044751 0.9966545 1.0187934 1.0103694 0.9989229 0.9876050 1.0291165 1.0265048 0.9193117 0.9381270 0.9001404 0.8630900 0.8631957 0.9215884 0.7897605 1.1745999 1.1509691 2.1260040 1.2975356 1.4796665 0.9209463 1.2864073 1.2627224 1.4663459 1.7655541 1.3143931 1.6746448 1.7202666 1.7854858 2.3894414 1.8145282 1.6701639 1.7310068 1.8132632 1.1108896 1.1361324 1.6946223 1.5863247 1.9344782 1.1663012 1.2532475 1.6581184 1.2680012 1.2530338 1.8073997 0.7324368 
Aedalb_AALF013932-RA       0.0000010 0.0000000 0.0305007 0.0435003 0.0425279 0.0433364 0.0433364 0.0393479 0.0412296 0.0391137 0.0470730 0.0433327 0.0391441 0.0431214 0.0433742 0.0432806 0.1509931 0.3143397 0.3523185 0.3253745 0.3302366 0.3728160 0.2992508 0.3048547 0.3056906 0.2725836 0.4250292 0.8054305 0.5696939 0.8377959 0.6473505 0.7305521 0.8619914 0.9029565 0.9686957 0.7896738 0.7366500 0.7892133 0.7985476 0.7939111 0.8599475 0.8574494 0.9152356 0.8522732 0.8350183 0.8304680 0.7987233 0.9106589 0.8048828 1.0406349 1.0399256 1.1031462 0.7943525 1.0558109 1.0418604 0.8715423 0.8774497 0.9021158 0.9021158 0.8796302 0.8796302 0.8716614 0.8874061 0.8852470 0.8874061 0.7810555 0.8807838 0.8658971 0.8867860 0.8828728 0.8838860 0.8342613 0.9269246 0.9911600 0.9800892 0.9800892 0.9971621 1.0044751 0.9966545 1.0187934 1.0103694 0.9989229 0.9876050 1.0291165 1.0265048 0.9193117 0.9381270 0.9001404 0.8630900 0.8631957 0.9215884 0.7897605 1.1745999 1.1509691 2.1260040 1.2975356 1.4796665 0.9209463 1.2864073 1.2627224 1.4663459 1.7655541 1.3143931 1.6746448 1.7202666 1.7854858 2.3894414 1.8145282 1.6701639 1.7310068 1.8132632 1.1108896 1.1361324 1.6946223 1.5863247 1.9344782 1.1663012 1.2532475 1.6581184 1.2680012 1.2530338 1.8073997 0.7324368 
Culqui_CPIJ006034-RA       0.0305007 0.0305007 0.0000000 0.0516490 0.0505380 0.0434667 0.0434667 0.0474444 0.0354897 0.0472786 0.0393104 0.0354455 0.0473156 0.0554172 0.0515101 0.0556231 0.1428621 0.3317503 0.3693258 0.3409285 0.3381470 0.3783730 0.3103871 0.3194892 0.3120858 0.2753675 0.4414795 0.8147913 0.5768173 0.8459130 0.6358517 0.7292009 0.8682988 0.9135125 0.9762483 0.8108772 0.7444513 0.8043458 0.8136711 0.7948211 0.8713577 0.8664438 0.9131888 0.8667895 0.8449266 0.8311826 0.8056705 0.9255832 0.8006974 1.0229824 1.0344120 1.0872005 0.8072090 1.0567312 1.0362956 0.8736162 0.8758018 0.9010645 0.9010645 0.8787663 0.8787663 0.8708129 0.8864805 0.8843388 0.8864805 0.7575519 0.8799101 0.8651426 0.8858656 0.8818155 0.8829858 0.8311076 0.9310693 0.9836967 0.9727403 0.9727403 0.9895257 0.9968743 0.9891347 1.0110105 1.0026948 0.9913838 0.9801839 1.0212247 1.0186143 0.9055062 0.9490020 0.8984189 0.8556610 0.8554605 0.9132145 0.7901665 1.1589849 1.1295961 2.1662026 1.2945124 1.4759734 0.8863282 1.3193517 1.2548138 1.4590825 1.7534342 1.2797902 1.6891499 1.6899737 1.7639495 2.3905607 1.7875149 1.6854196 1.7294048 1.8213919 1.1004955 1.1752505 1.6708189 1.5867894 1.8912809 1.1645084 1.2608101 1.6650237 1.2497728 1.2425636 1.7542802 0.7255932 
Anoalb_AALB002313-RA       0.0435003 0.0435003 0.0516490 0.0000000 0.0037271 0.0150328 0.0150328 0.0112542 0.0114386 0.0150221 0.0150168 0.0150317 0.0188654 0.0187996 0.0150441 0.0265263 0.1482427 0.3139860 0.3418757 0.3324324 0.3375961 0.3752470 0.3124780 0.3079326 0.3081594 0.2877786 0.4445876 0.8257874 0.5819876 0.8791890 0.6414445 0.7624374 0.8831983 0.8889438 0.9560840 0.8038865 0.7284370 0.7867160 0.7960691 0.7993204 0.8450559 0.8401489 0.8801116 0.8392721 0.8298521 0.8322088 0.8001032 0.9069238 0.8065635 1.0555998 1.0548493 1.1115701 0.8139007 1.0797927 1.0458199 0.8927242 0.9101141 0.9464041 0.9464041 0.9230995 0.9230995 0.9086379 0.9310406 0.9288264 0.9310406 0.8345001 0.9202584 0.9090149 0.9304005 0.9264969 0.9275725 0.8726719 0.9523152 1.0139213 1.0027576 1.0027576 1.0203149 1.0058260 1.0155507 1.0393947 1.0269066 1.0153650 1.0039840 1.0457973 1.0503175 0.9249786 0.9565278 0.8902746 0.8668487 0.8812867 0.9289293 0.7939440 1.1836707 1.1464570 2.2007129 1.2901650 1.4791558 0.8641457 1.3050169 1.3134090 1.4839694 1.8051864 1.3218965 1.7363851 1.7584662 1.8327922 2.4488272 1.8338748 1.6486462 1.7854368 1.8465164 1.0978286 1.1059074 1.7278971 1.6088610 1.9560447 1.1834091 1.2889446 1.6700582 1.2332585 1.2355970 1.8028309 0.7125369 
Anodar_ADAC000377-RA       0.0425279 0.0425279 0.0505380 0.0037271 0.0000000 0.0188274 0.0188274 0.0150347 0.0115051 0.0188140 0.0188072 0.0188259 0.0226823 0.0226031 0.0188428 0.0303747 0.1477054 0.3096390 0.3405705 0.3316230 0.3367506 0.3743356 0.3149261 0.3071866 0.3105715 0.2870821 0.4399332 0.8183400 0.5788343 0.8721465 0.6378500 0.7620781 0.8722392 0.8979858 0.9516208 0.8007245 0.7317334 0.7828566 0.7921991 0.7900539 0.8378146 0.8329074 0.8726576 0.8481486 0.8276845 0.8317439 0.7931254 0.9063392 0.8061413 1.0509073 1.0501697 1.1137364 0.8133987 1.0835266 1.0417934 0.8961381 0.9135360 0.9498666 0.9498666 0.9265253 0.9265253 0.9122618 0.9344702 0.9322543 0.9344702 0.8345001 0.9236930 0.9124299 0.9338292 0.9299308 0.9310100 0.8764885 0.9558129 1.0102130 0.9990739 0.9990739 1.0165371 1.0155507 1.0038160 1.0356129 1.0150715 1.0036313 0.9923276 1.0338022 1.0453209 0.9214791 0.9518107 0.8999848 0.8757938 0.8705686 0.9178444 0.7838635 1.1703979 1.1373002 2.2103576 1.2942340 1.4756622 0.8641457 1.2996975 1.3174841 1.4741667 1.7938877 1.3218965 1.7193992 1.7527180 1.8268336 2.4365135 1.8299474 1.6514572 1.7784455 1.8425502 1.0937871 1.0993184 1.7219357 1.6034679 1.9540719 1.1779152 1.2844348 1.6643335 1.2301258 1.2312310 1.8009457 0.6982685 
Anoara_AARA001814-RA       0.0433364 0.0433364 0.0434667 0.0150328 0.0188274 0.0000000 0.0000010 0.0037233 0.0057018 0.0074546 0.0074620 0.0074694 0.0112335 0.0111951 0.0074655 0.0188032 0.1427933 0.3184187 0.3392183 0.3339569 0.3391193 0.3658654 0.3074189 0.3007608 0.3069530 0.2839272 0.4467560 0.8267009 0.5869518 0.8778773 0.6193071 0.7446607 0.8953950 0.8776180 0.9471091 0.8026618 0.7307840 0.7933897 0.8027645 0.7938727 0.8508711 0.8483704 0.8880449 0.8355140 0.8426657 0.8354602 0.8187990 0.9032308 0.8083420 1.0277896 1.0393041 1.0929285 0.8058182 1.0885389 1.0423536 0.8771965 0.8944216 0.9302585 0.9302585 0.9072949 0.9072949 0.8920384 0.9151607 0.9129703 0.9151607 0.8345001 0.9044333 0.8933642 0.9145292 0.9104583 0.9116809 0.8528555 0.9521416 1.0085442 0.9974442 0.9974442 1.0148211 1.0005068 1.0101690 1.0338468 1.0214485 1.0099840 0.9986693 1.0402158 1.0446906 0.9208449 0.9436639 0.8764511 0.8541186 0.8606625 0.9243889 0.7861505 1.1913374 1.1450564 2.1657119 1.3123896 1.4805498 0.8641457 1.3048913 1.2859746 1.5071337 1.8074672 1.3305494 1.7273877 1.7270767 1.8187695 2.4066097 1.8116249 1.6745258 1.7558875 1.8388859 1.1190550 1.1116144 1.7134122 1.5928358 1.9395043 1.1994261 1.2723765 1.7035022 1.2500753 1.2401804 1.7961639 0.7028726 
Anocol_ACOM033983-RA       0.0433364 0.0433364 0.0434667 0.0150328 0.0188274 0.0000010 0.0000000 0.0037233 0.0057018 0.0074546 0.0074620 0.0074694 0.0112335 0.0111951 0.0074655 0.0188032 0.1427933 0.3184187 0.3392183 0.3339569 0.3391193 0.3658654 0.3074189 0.3007608 0.3069530 0.2839272 0.4467560 0.8267009 0.5869518 0.8778773 0.6193071 0.7446607 0.8953950 0.8776180 0.9471091 0.8026618 0.7307840 0.7933897 0.8027645 0.7938727 0.8508711 0.8483704 0.8880449 0.8355140 0.8426657 0.8354602 0.8187990 0.9032308 0.8083420 1.0277896 1.0393041 1.0929285 0.8058182 1.0885389 1.0423536 0.8771965 0.8944216 0.9302585 0.9302585 0.9072949 0.9072949 0.8920384 0.9151607 0.9129703 0.9151607 0.8345001 0.9044333 0.8933642 0.9145292 0.9104583 0.9116809 0.8528555 0.9521416 1.0085442 0.9974442 0.9974442 1.0148211 1.0005068 1.0101690 1.0338468 1.0214485 1.0099840 0.9986693 1.0402158 1.0446906 0.9208449 0.9436639 0.8764511 0.8541186 0.8606625 0.9243889 0.7861505 1.1913374 1.1450564 2.1657119 1.3123896 1.4805498 0.8641457 1.3048913 1.2859746 1.5071337 1.8074672 1.3305494 1.7273877 1.7270767 1.8187695 2.4066097 1.8116249 1.6745258 1.7558875 1.8388859 1.1190550 1.1116144 1.7134122 1.5928358 1.9395043 1.1994261 1.2723765 1.7035022 1.2500753 1.2401804 1.7961639 0.7028726 
Anoepi_AEPI001137-RA       0.0393479 0.0393479 0.0474444 0.0112542 0.0150347 0.0037233 0.0037233 0.0000000 0.0057018 0.0037206 0.0112051 0.0112162 0.0074755 0.0074500 0.0037259 0.0150157 0.1472530 0.3132670 0.3381151 0.3287350 0.3337308 0.3710529 0.3066271 0.2999869 0.3061671 0.2831949 0.4456757 0.8249082 0.5846971 0.8793012 0.6258893 0.7518570 0.8873468 0.8854332 0.9452088 0.7951250 0.7236862 0.7858278 0.7951960 0.8013019 0.8429972 0.8404820 0.8862379 0.8337809 0.8346876 0.8325552 0.8171039 0.8950391 0.8055316 1.0367339 1.0360369 1.1023819 0.8038686 1.0791483 1.0402906 0.8748031 0.8920014 0.9277661 0.9277661 0.9048566 0.9048566 0.8894798 0.9127103 0.9105238 0.9127103 0.8345001 0.9019920 0.8909507 0.9120801 0.9080106 0.9092288 0.8528555 0.9495804 1.0059105 0.9948268 0.9948268 1.0121389 0.9978907 1.0075352 1.0311631 1.0187921 1.0073504 0.9960530 1.0375240 1.0419826 0.9208383 0.9406398 0.8762084 0.8538937 0.8683164 0.9241594 0.7862336 1.1874260 1.1428827 2.1590117 1.3099245 1.4778002 0.8641457 1.2973016 1.2970044 1.4949048 1.8032244 1.3305494 1.7127810 1.7419715 1.8153941 2.3991682 1.8273340 1.6604132 1.7517244 1.8231516 1.1095334 1.1116144 1.7122526 1.5909917 1.9366138 1.1972173 1.2829851 1.7002572 1.2462990 1.2379091 1.8123589 0.7132017 
Anomac_AMAM010219-RA       0.0412296 0.0412296 0.0354897 0.0114386 0.0115051 0.0057018 0.0057018 0.0057018 0.0000000 0.0057018 0.0057018 0.0114426 0.0114874 0.0114268 0.0114509 0.0230921 0.1826371 0.3218168 0.3507643 0.3596904 0.3853122 0.3974288 0.3238945 0.3309030 0.3189811 0.3226555 0.5493452 0.6813176 0.5319025 0.7783508 0.6025987 0.6524236 0.7275609 0.7432228 0.7443975 0.7235687 0.6328685 0.6553518 0.6691254 0.7285595 0.7364366 0.7166449 0.7503974 0.7661461 0.7392575 0.6333445 0.6413169 0.8497435 0.7161122 0.9636096 0.9078171 0.9266950 0.6965946 0.9506779 0.9581461 0.8016154 0.8371436 0.8632718 0.8632718 0.8474242 0.8474242 0.8184486 0.8474242 0.8441934 0.8474242 0.8345001 0.8372784 0.8355800 0.8582463 0.8519782 0.8537166 0.8017866 0.9198350 0.9482924 0.9316648 0.9316648 0.9316648 0.9635025 0.9664915 0.9840015 0.9668393 0.9714327 0.9458571 1.0103882 0.9963337 0.8065582 0.8947059 0.8246024 0.8325459 0.8054674 0.8961634 0.7825937 1.3331834 0.9945218 1.8952652 1.0102801 1.1135808 0.8641457 0.9696905 1.1771023 1.3539804 1.5842835 1.3305494 1.5865798 1.5850927 1.5333691 2.2334448 1.6349378 1.4730632 1.6602149 1.7630621 0.9081301 1.1133631 1.4163073 1.2405804 1.9375907 1.1800695 1.2290999 0.7391317 0.9747998 0.9881239 1.6098472 2.4652401 
Anofun_AFUN011616-RA       0.0391137 0.0391137 0.0472786 0.0150221 0.0188140 0.0074546 0.0074546 0.0037206 0.0057018 0.0000000 0.0074566 0.0149711 0.0037310 0.0111870 0.0074601 0.0187898 0.1427006 0.3182686 0.3431711 0.3251085 0.3299735 0.3672143 0.3067533 0.3049560 0.3111478 0.2822752 0.4512291 0.8297337 0.5784413 0.8774886 0.6241190 0.7503890 0.8793394 0.8868186 0.9466670 0.7964667 0.7227345 0.7859129 0.7952745 0.7996251 0.8351624 0.8326327 0.8942674 0.8351608 0.8425377 0.8323291 0.8171677 0.8868923 0.8068756 1.0343575 1.0336671 1.0998987 0.8038686 1.0806624 1.0310226 0.8670283 0.8997832 0.9196999 0.9196999 0.8969559 0.8969559 0.8811821 0.9047741 0.9025991 0.9047741 0.8345001 0.8940800 0.8831227 0.9041480 0.9000809 0.9012857 0.8442579 0.9412966 0.9973927 0.9863638 0.9863638 1.0034637 0.9894311 0.9990166 1.0224776 1.0101990 0.9988332 0.9875935 1.0288108 1.0332155 0.9127247 0.9324381 0.8677689 0.8461051 0.8605433 0.9160993 0.7788684 1.1762883 1.1330782 2.1620818 1.3096121 1.4794893 0.8641457 1.2948837 1.2932309 1.4913638 1.7989884 1.3305494 1.7086955 1.7378337 1.8110954 2.3902653 1.8230374 1.6564326 1.7475675 1.8188246 1.1189900 1.1116144 1.7087398 1.5824410 1.9320227 1.1872334 1.2797824 1.6998205 1.2460476 1.2376230 1.8287449 0.7026514 
Anoste_ASTEI07510-RA       0.0470730 0.0470730 0.0393104 0.0150168 0.0188072 0.0074620 0.0074620 0.0112051 0.0057018 0.0074566 0.0000000 0.0074614 0.0112365 0.0187168 0.0149783 0.0264068 0.1336396 0.3234287 0.3473074 0.3303107 0.3353429 0.3620604 0.3106660 0.3073112 0.3119400 0.2856278 0.4523704 0.8348553 0.5847412 0.8768650 0.6246822 0.7440403 0.8788487 0.8847618 0.9519615 0.8075283 0.7327778 0.7965912 0.8059579 0.7924667 0.8462061 0.8412883 0.8932098 0.8420933 0.8508619 0.8360407 0.8107162 0.8989128 0.8016212 1.0288889 1.0403966 1.0959369 0.8119289 1.0945072 1.0335020 0.8750707 0.9079777 0.9280121 0.9280121 0.9051136 0.9051136 0.8897588 0.9129633 0.9107779 0.9129633 0.8345001 0.9022511 0.8912131 0.9123334 0.9082665 0.9094844 0.8505225 0.9523688 1.0003947 0.9893434 0.9893434 1.0065227 0.9924104 1.0020193 1.0255445 1.0132307 1.0018353 0.9905722 1.0318886 1.0363131 0.9041761 0.9438989 0.8688449 0.8471201 0.8560734 0.9141196 0.7795909 1.1720771 1.1398266 2.1803387 1.3092108 1.4791718 0.8641457 1.3132630 1.2929847 1.4914626 1.8073096 1.3305494 1.7273232 1.7196424 1.8110025 2.3908226 1.8079377 1.6567314 1.7655326 1.8424067 1.1186752 1.1116144 1.7233093 1.5969673 1.9414921 1.1792484 1.2795700 1.6996416 1.2387004 1.2293993 1.8123589 0.6810994 
Anochr_ACHR005534-RA       0.0433327 0.0433327 0.0354455 0.0150317 0.0188259 0.0074694 0.0074694 0.0112162 0.0114426 0.0149711 0.0074614 0.0000000 0.0187999 0.0187355 0.0149931 0.0188017 0.1335604 0.3155249 0.3391563 0.3309528 0.3359962 0.3626591 0.3076565 0.2995131 0.3041252 0.2838831 0.4430198 0.8238037 0.5864296 0.8789997 0.6266081 0.7457318 0.8871828 0.8749768 0.9414993 0.8003710 0.7389335 0.8020692 0.8114460 0.7943992 0.8598611 0.8549458 0.8910950 0.8464365 0.8513186 0.8341174 0.8186300 0.9074685 0.8057927 1.0218685 1.0333486 1.0885810 0.8025207 1.0832235 1.0330983 0.8910228 0.8917912 0.9275579 0.9275579 0.9046487 0.9046487 0.8981021 0.9125031 0.9103165 0.9125031 0.8345001 0.9017831 0.8907408 0.9118729 0.9078026 0.9090208 0.8591523 0.9519249 0.9999888 0.9889288 0.9889288 1.0061158 0.9919992 1.0016151 1.0251574 1.0128347 1.0014309 0.9901591 1.0315072 1.0359341 0.9206404 0.9606649 0.8860732 0.8630384 0.8718980 0.9305104 0.7947104 1.1942925 1.1424178 2.1476590 1.2982089 1.4650232 0.8641457 1.3044942 1.3040673 1.4829641 1.8018736 1.3305494 1.7220185 1.7143587 1.8054939 2.3794533 1.8180372 1.6614468 1.7601551 1.8546679 1.0994119 1.1123647 1.7275946 1.6062478 1.9356359 1.1865644 1.2751925 1.7008487 1.2446524 1.2332879 1.7926119 0.6803124 
Anomin_AMIN000542-RA       0.0391441 0.0391441 0.0473156 0.0188654 0.0226823 0.0112335 0.0112335 0.0074755 0.0114874 0.0037310 0.0112365 0.0187999 0.0000000 0.0149846 0.0112418 0.0226523 0.1428190 0.3185248 0.3494197 0.3187640 0.3234148 0.3668863 0.3070038 0.3052031 0.3113990 0.2825041 0.4515783 0.8297337 0.5788601 0.8780470 0.6326934 0.7508990 0.8798863 0.8865255 0.9463260 0.7946624 0.7232261 0.7864358 0.7957976 0.8001496 0.8245879 0.8220396 0.8831894 0.8356996 0.8430890 0.8217610 0.8068406 0.8973314 0.8073987 1.0339599 1.0332709 1.0984639 0.8044779 1.0812691 1.0306179 0.8675606 0.9003230 0.9202459 0.9202459 0.8974935 0.8974935 0.8817485 0.9053132 0.9031377 0.9053132 0.8368297 0.8946187 0.8836569 0.9046869 0.9006201 0.9018257 0.8448486 0.9418544 1.0082820 0.9971865 0.9971865 1.0145524 1.0002485 1.0099064 1.0335731 1.0211806 1.0097215 0.9984114 1.0399396 1.0444116 0.9132749 0.9329916 0.8677689 0.8466404 0.8610762 0.9166455 0.7793783 1.1769840 1.1455552 2.1620818 1.2943488 1.4954057 0.9189256 1.3088716 1.2781764 1.4748368 1.7781897 1.2967429 1.6889358 1.7177165 1.7899440 2.3902653 1.8018563 1.6373423 1.7273258 1.7975063 1.1059944 1.1151765 1.6891261 1.5641427 1.9089904 1.1878549 1.2804266 1.7006038 1.2311642 1.2382564 1.8295651 0.7026514 
Anodir_ADIR015679-RB       0.0431214 0.0431214 0.0554172 0.0187996 0.0226031 0.0111951 0.0111951 0.0074500 0.0114268 0.0111870 0.0187168 0.0187355 0.0149846 0.0000000 0.0112034 0.0149951 0.1549362 0.3186604 0.3436523 0.3316768 0.3405974 0.3741900 0.3157913 0.3090615 0.3115113 0.2920921 0.4452812 0.8241306 0.5885598 0.8782745 0.6349295 0.7559439 0.8931886 0.8893770 0.9501239 0.7942244 0.7320865 0.7948200 0.8042009 0.8055722 0.8476658 0.8451571 0.8910990 0.8306648 0.8305567 0.8294349 0.8217476 0.9009835 0.8104505 1.0420282 1.0413166 1.1150420 0.8080292 1.0915825 1.0457200 0.8832107 0.9004574 0.9363827 0.9363827 0.9133428 0.9133428 0.8984264 0.9212189 0.9190245 0.9212189 0.8345001 0.9104958 0.8993861 0.9205855 0.9165214 0.9177517 0.8622039 0.9583812 1.0148353 1.0037191 1.0037191 1.0212152 1.0067723 1.0164571 1.0402064 1.0277674 1.0162723 1.0049392 1.0465822 1.0510866 0.9295162 0.9493701 0.8906191 0.8672383 0.8816037 0.9378043 0.7859923 1.1985773 1.1402397 2.1740941 1.3161605 1.4845856 0.8641457 1.3037025 1.3144729 1.4806588 1.7975147 1.3305494 1.7190520 1.7550123 1.8289085 2.4267690 1.8288158 1.6583395 1.7383128 1.8090045 1.1191825 1.1168263 1.7200288 1.5981304 1.9220324 1.2103200 1.2967670 1.7138141 1.2432310 1.2394762 1.8150948 0.7225990 
Anocul_ACUA015087-RA       0.0433742 0.0433742 0.0515101 0.0150441 0.0188428 0.0074655 0.0074655 0.0037259 0.0114509 0.0074601 0.0149783 0.0149931 0.0112418 0.0112034 0.0000000 0.0188176 0.1421303 0.3189636 0.3314320 0.3220743 0.3268378 0.3640493 0.3001335 0.3056179 0.2997168 0.2769627 0.4378939 0.8125837 0.5756524 0.8667642 0.6160088 0.7610242 0.8750041 0.8732099 0.9320178 0.7836926 0.7324797 0.7952829 0.8046707 0.8108194 0.8309819 0.8284483 0.8737502 0.8436211 0.8225207 0.8206191 0.8108847 0.8824734 0.7940354 1.0226830 1.0220269 1.0875434 0.8149294 1.0911559 1.0258713 0.8628350 0.8798967 0.9152895 0.9152895 0.8926592 0.8926592 0.8766900 0.9004497 0.8982834 0.9004497 0.8345001 0.8897804 0.8788813 0.8998265 0.8957651 0.9025134 0.8396587 0.9367467 0.9926748 0.9816825 0.9816825 0.9986557 0.9847497 0.9942972 1.0176544 1.0054327 0.9941150 0.9829135 1.0239698 1.0283427 0.9082943 0.9279402 0.8632168 0.8419318 0.8645178 0.9116945 0.7750308 1.1700833 1.1555310 2.1127098 1.3036429 1.4584584 0.8641457 1.2802319 1.3113117 1.4762000 1.7901583 1.3305494 1.7031858 1.7292447 1.8021270 2.3714204 1.8196839 1.6491774 1.7524361 1.8176266 1.0948045 1.1314576 1.7050794 1.5703470 1.9278626 1.1816685 1.2664588 1.6775588 1.2604164 1.2311648 1.8018557 0.7122861 
Anofar_AFAF012446-RA       0.0432806 0.0432806 0.0556231 0.0265263 0.0303747 0.0188032 0.0188032 0.0150157 0.0230921 0.0187898 0.0264068 0.0188017 0.0226523 0.0149951 0.0188176 0.0000000 0.1461725 0.3154119 0.3402472 0.3282611 0.3332319 0.3704852 0.3087858 0.3046877 0.3136386 0.2879076 0.4434815 0.8222512 0.5844229 0.8816199 0.6230788 0.7514602 0.8999267 0.8650131 0.9411423 0.7966315 0.7139280 0.7878002 0.7971939 0.7881344 0.8496491 0.8471434 0.9012891 0.8475470 0.8477431 0.8317092 0.8336357 0.8913686 0.8059197 1.0216258 1.0192871 1.1045397 0.8193760 1.0753278 1.0460493 0.8957313 0.8965004 0.9323442 0.9323442 0.9093686 0.9093686 0.9030972 0.9172327 0.9150424 0.9172327 0.8345001 0.9065140 0.8954389 0.9166010 0.9125351 0.9137595 0.8670526 0.9542558 1.0091882 0.9980703 0.9980703 1.0154853 1.0011365 1.0108152 1.0345375 1.0221150 1.0106299 0.9992967 1.0409176 1.0454030 0.9410505 0.9625014 0.8989174 0.8749065 0.8892479 0.9456942 0.8118309 1.2145799 1.1143045 2.1252503 1.3055123 1.4646586 0.8641457 1.2778269 1.3211806 1.4770987 1.7651855 1.3305494 1.7028699 1.7374193 1.8107448 2.3901410 1.8345151 1.6440588 1.7367554 1.8251634 1.0883932 1.1185704 1.7071812 1.5877545 1.9203784 1.1959231 1.2849209 1.7291803 1.2531123 1.2293892 1.8191198 0.7267357 
Phlpap_PPAI004360-RA       0.1509931 0.1509931 0.1428621 0.1482427 0.1477054 0.1427933 0.1427933 0.1472530 0.1826371 0.1427006 0.1336396 0.1335604 0.1428190 0.1549362 0.1421303 0.1461725 0.0000000 0.3501492 0.3302425 0.3601516 0.3567812 0.3758982 0.3061211 0.3113004 0.3395998 0.3077776 0.4258454 0.8042933 0.5767136 0.8482471 0.6276429 0.8134111 0.9245762 0.9281627 0.9775707 0.7896963 0.7542991 0.8501504 0.8663070 0.7677084 0.8076733 0.8127308 0.8848656 0.8388765 0.8820034 0.7912396 0.8241062 0.8872068 0.7470419 1.0527465 1.0474935 1.0909326 0.8712923 1.0989664 0.9320620 0.8836127 0.8984097 0.8996916 0.8996916 0.8707244 0.8707244 0.8617356 0.8789505 0.8797618 0.8789505 0.7671824 0.8676114 0.8586311 0.8782959 0.8739597 0.8810711 0.8158123 0.8812799 0.9309384 0.9195223 0.9195223 0.9361970 0.9618246 0.9580022 0.9576199 0.9456272 0.9237490 0.9311577 0.9653790 0.9681997 0.8751946 0.9527987 0.8582272 0.8228642 0.8094335 0.8881151 0.7491606 1.0198343 1.2500742 2.0368123 1.3216123 1.5807631 1.0425742 1.3423853 1.3262065 1.4253214 1.7253928 1.2940786 1.7100572 1.6537086 1.7632339 2.2686035 1.6919039 1.6137731 1.7568025 1.8603171 1.1184430 1.1627666 1.6661946 1.5349976 1.9089946 1.1997011 1.2648755 1.8552518 1.1934949 1.2159598 1.7696371 0.7384400 
Apimel_GB43191-RA          0.3143397 0.3143397 0.3317503 0.3139860 0.3096390 0.3184187 0.3184187 0.3132670 0.3218168 0.3182686 0.3234287 0.3155249 0.3185248 0.3186604 0.3189636 0.3154119 0.3501492 0.0000000 0.1463771 0.2649902 0.2918846 0.3417686 0.2599511 0.1955202 0.2021818 0.2771257 0.3170769 0.6746935 0.5183312 0.9197128 0.6681077 0.8176061 0.8436457 1.0131693 1.0683884 0.8506816 0.7900315 0.8524614 0.8374065 0.7826713 0.9060550 0.9028010 0.9666022 0.8625153 0.8869638 0.9345721 0.8812719 0.9328893 0.8987951 1.0031427 1.0501086 1.0837959 0.8917804 1.1621640 1.0936342 0.9683743 0.9911219 1.0324433 1.0324433 0.9965137 0.9965137 0.9828844 1.0048841 1.0056024 1.0048841 0.8587430 0.9937376 0.9994065 1.0070289 1.0102186 1.0042698 0.9339220 1.0580082 1.0533208 1.0418448 1.0418448 1.0511792 1.0473090 1.0362384 1.0797153 1.0614612 1.0472802 1.0367466 1.0510510 1.0802353 1.0394121 1.0516684 1.0823794 1.0281086 0.9270861 1.0354433 0.8585737 1.2750590 1.1842826 2.0683505 1.3426512 1.5049723 1.1527088 1.3872838 1.2816496 1.5811079 1.7186326 1.3239241 1.6637863 1.6939729 1.7131152 2.4251295 1.7745752 1.7292774 1.8381870 1.7861739 1.1105516 1.2368549 1.9017628 1.7802614 2.0522225 1.2087528 1.4028889 1.9481665 1.3295085 1.2679286 1.9433848 1.1124930 
Nasvit_NV12591-RA          0.3523185 0.3523185 0.3693258 0.3418757 0.3405705 0.3392183 0.3392183 0.3381151 0.3507643 0.3431711 0.3473074 0.3391563 0.3494197 0.3436523 0.3314320 0.3402472 0.3302425 0.1463771 0.0000000 0.3072260 0.3316039 0.3496625 0.2381078 0.2140730 0.2675760 0.3081923 0.3691876 0.7387017 0.4915152 0.9467993 0.6480746 0.8424926 0.8493935 1.0234238 1.0364816 0.8541228 0.8665556 0.9632679 0.9467877 0.8541349 0.9129719 0.9316122 0.9793859 0.9444485 0.9424992 0.9592962 0.9243948 0.9169161 0.8398601 1.0304810 1.0503235 1.1603884 0.9630720 1.1350170 1.0810250 0.9235121 0.9293746 0.9627345 0.9627345 0.9329027 0.9329027 0.9184636 0.9409127 0.9416507 0.9409127 0.9041382 0.9300663 0.9357279 0.9429954 0.9458794 0.9458794 0.8822086 1.0134373 0.9824431 0.9713756 0.9713756 0.9793112 1.0131049 1.0093727 1.0075448 1.0067390 0.9922384 0.9826927 1.0127944 1.0221981 1.0208670 1.0268613 1.0547715 1.0073636 0.8934472 0.9579480 0.8165516 1.2355975 1.2096528 1.9691999 1.2731510 1.4239015 1.0309717 1.3036749 1.3964823 1.5662504 1.7805666 1.2962540 1.7270610 1.7441747 1.7559838 2.5087399 1.8164747 1.8526861 1.7965309 1.8388192 1.1363915 1.3165885 1.9051097 1.8129839 2.0647977 1.2426865 1.3124239 2.0303575 1.3078246 1.2954546 1.9618635 1.1138939 
Bommor_BGIBMGA003321-RA    0.3253745 0.3253745 0.3409285 0.3324324 0.3316230 0.3339569 0.3339569 0.3287350 0.3596904 0.3251085 0.3303107 0.3309528 0.3187640 0.3316768 0.3220743 0.3282611 0.3601516 0.2649902 0.3072260 0.0000000 0.0425525 0.0730536 0.2378152 0.2288268 0.2228180 0.2436801 0.3092905 0.6360364 0.4629580 0.9768373 0.5928796 0.8176956 0.8632811 1.0239247 1.1388672 0.8448739 0.8314337 0.8761903 0.8912956 0.8719949 0.9384287 0.9439702 1.0221786 0.9217488 0.9216217 0.9428241 0.9087588 0.9525036 0.8321170 1.0764707 1.0272432 1.1784063 0.9451723 1.1749201 1.1510150 0.9659905 0.9896376 1.0009561 1.0009561 0.9685185 0.9685185 0.9686390 0.9768020 0.9744686 0.9768020 0.9370122 0.9656916 0.9679543 0.9754795 0.9688860 0.9785499 0.9486321 1.0395079 1.0595976 1.0479160 1.0479160 1.0575156 1.0531883 1.0505922 1.0549613 1.0732800 1.0611154 1.0512111 1.0750474 1.0647212 1.0350383 1.0151455 1.0270482 1.0123597 0.9064207 1.0601708 0.8446465 1.2247079 1.3384929 1.8249092 1.3125271 1.4879550 1.3201618 1.4172527 1.3345817 1.5280725 1.7405691 1.2620687 1.7146160 1.7201014 1.7919019 2.2852652 1.8151653 1.8030353 1.8196634 1.8356918 1.2128089 1.2882435 1.6914703 1.8022297 1.9936652 1.2725533 1.4354737 1.9905502 1.3769834 1.3035439 1.9304762 1.0557341 
Pluxyl_rna11070            0.3302366 0.3302366 0.3381470 0.3375961 0.3367506 0.3391193 0.3391193 0.3337308 0.3853122 0.3299735 0.3353429 0.3359962 0.3234148 0.3405974 0.3268378 0.3332319 0.3567812 0.2918846 0.3316039 0.0425525 0.0000000 0.0838810 0.2604815 0.2338505 0.2300981 0.2455887 0.3196083 0.6592311 0.4615974 0.9608824 0.5486734 0.8187453 0.8820867 1.0072558 1.1479257 0.8491772 0.8480810 0.8813047 0.8967660 0.9030813 0.9586098 0.9687898 1.0462256 0.9284574 0.9273650 0.9215398 0.9058063 0.9364930 0.8844174 1.1204677 1.0562809 1.2344676 0.9122825 1.2053157 1.1062304 1.0207340 1.0458847 1.0385844 1.0385844 1.0233539 1.0233539 1.0271706 1.0321101 1.0296674 1.0321101 1.0398121 1.0205268 1.0227595 1.0307389 1.0237323 1.0341395 0.9991977 1.0795543 1.0892617 1.0856058 1.0856058 1.1062664 1.0823677 1.0796336 1.0929162 1.1035996 1.0908085 1.0804942 1.1157470 1.0937394 1.0835909 1.0351227 1.0298931 1.0321434 0.9684621 1.0683975 0.8546846 1.2665088 1.3751672 1.8721070 1.3602255 1.5578363 1.4407658 1.4979963 1.3191037 1.5742814 1.7960013 1.3353787 1.7660717 1.7342066 1.8269988 2.3485935 1.8986843 1.8993771 1.9386687 1.9014922 1.2224126 1.3926622 1.7216078 1.8025682 2.0671028 1.2274770 1.4418069 2.0491817 1.4475032 1.2588869 1.9285277 1.0552069 
Danple_DPOGS202180-TA      0.3728160 0.3728160 0.3783730 0.3752470 0.3743356 0.3658654 0.3658654 0.3710529 0.3974288 0.3672143 0.3620604 0.3626591 0.3668863 0.3741900 0.3640493 0.3704852 0.3758982 0.3417686 0.3496625 0.0730536 0.0838810 0.0000000 0.2916261 0.2590537 0.2708668 0.2917612 0.3459079 0.6644100 0.4891530 1.0440250 0.6032917 0.8625866 0.9434962 1.0378223 1.1730654 0.8724660 0.9061947 0.9279085 0.9331467 0.8609089 0.9454415 0.9440439 1.0014695 0.9661720 0.9546017 0.9237364 0.9158807 0.9674574 0.8660159 1.0951264 1.0824000 1.1600259 0.9597459 1.1938744 1.1721594 0.9784124 1.0110619 1.0330419 1.0330419 1.0000216 1.0000216 0.9943325 1.0084257 1.0060710 1.0084257 1.0411487 0.9972440 0.9994506 1.0070991 1.0003900 1.0102998 0.9627765 1.0725054 1.0587433 1.0470842 1.0470842 1.0566519 1.0713971 1.0687668 1.0541129 1.0743117 1.0602595 1.0503727 1.0837903 1.0734570 1.0377439 1.0508302 1.0226914 1.0170251 0.9245082 1.0471302 0.9099605 1.2982787 1.3204211 1.8587250 1.2963230 1.4959640 1.2637922 1.4207015 1.2936141 1.5130918 1.7488789 1.2191200 1.6883431 1.7024678 1.8319354 2.3396537 1.8502334 1.7605784 1.8496985 1.8530273 1.2201281 1.2888829 1.6578170 1.7612211 1.9441956 1.2928932 1.4734550 2.0306456 1.4082848 1.2900351 1.9645377 1.1051869 
Pedhum_gene_PHUM490200-RA  0.2992508 0.2992508 0.3103871 0.3124780 0.3149261 0.3074189 0.3074189 0.3066271 0.3238945 0.3067533 0.3106660 0.3076565 0.3070038 0.3157913 0.3001335 0.3087858 0.3061211 0.2599511 0.2381078 0.2378152 0.2604815 0.2916261 0.0000000 0.2073486 0.1807875 0.1909722 0.3260803 0.6319136 0.4620724 0.8482444 0.5704943 0.7654354 0.8347692 0.9548331 0.9433651 0.8316303 0.7593097 0.8390962 0.8282489 0.8405102 0.9366974 0.9432105 0.9729680 0.8492580 0.8700928 0.8271728 0.8559241 0.9035753 0.7853422 1.0135389 0.9718952 1.0998545 0.8853262 1.1686542 1.0866223 0.8465884 0.8659371 0.8786601 0.8786601 0.8562276 0.8562276 0.8479498 0.8639284 0.8579864 0.8639284 0.7337981 0.8532676 0.8556908 0.8626436 0.8637748 0.8651989 0.8005854 0.9377687 0.9604313 0.9494915 0.9494915 0.9659073 0.9813070 0.9848358 0.9851468 0.9792234 0.9680096 0.9585511 0.9802227 0.9768602 0.9898963 0.9591736 0.9725456 0.9310778 0.8603030 0.9759334 0.7795794 1.1870824 1.1461833 2.0062388 1.2939233 1.5115771 1.0417569 1.4284082 1.2824503 1.5382814 1.7710260 1.3305544 1.7499430 1.6841355 1.7261762 2.3263859 1.6952647 1.7633957 1.8057118 1.8396005 1.1116828 1.3199061 1.7480396 1.8275873 1.9688688 1.1457326 1.2035001 1.7506457 1.3058153 1.2137726 1.9308052 1.0351037 
Tricas_TC014402_001        0.3048547 0.3048547 0.3194892 0.3079326 0.3071866 0.3007608 0.3007608 0.2999869 0.3309030 0.3049560 0.3073112 0.2995131 0.3052031 0.3090615 0.3056179 0.3046877 0.3113004 0.1955202 0.2140730 0.2288268 0.2338505 0.2590537 0.2073486 0.0000000 0.1623371 0.2254307 0.2941614 0.6188964 0.4453278 0.9626941 0.6031586 0.8380076 0.8652329 1.0279427 1.0811923 0.9050199 0.8380448 0.8940490 0.8747364 0.8629403 0.9638546 1.0036539 1.0004575 0.8756745 0.9147863 0.9035963 0.8866995 0.9969686 0.8264619 1.0330734 1.0389550 1.1388118 0.9102225 1.1232192 1.1543728 0.9044600 0.9166814 0.9481648 0.9481648 0.9204813 0.9204813 0.9160746 0.9284492 0.9222739 0.9284492 0.8016300 0.9176227 0.9199348 0.9271535 0.9299780 0.9243051 0.8593521 0.9870677 1.0503241 1.0388643 1.0388643 1.0574462 1.0617607 1.0591800 1.0727621 1.0668642 1.0518267 1.0420947 1.0780627 1.0833994 0.9842142 0.9777389 0.9716575 0.9488061 0.8933585 0.9748981 0.8383943 1.2198456 1.2760162 2.0799540 1.3653119 1.4994020 1.1712910 1.4442427 1.3595337 1.5502447 1.7011492 1.2867288 1.6713961 1.6931799 1.7592035 2.3649327 1.7489714 1.6931809 1.7648972 1.7774916 1.1678810 1.2830900 1.8049821 1.7841767 2.0183407 1.2385094 1.3734527 1.8631129 1.2986045 1.2170513 1.8575733 1.0513727 
Zoonev_KDR17140            0.3056906 0.3056906 0.3120858 0.3081594 0.3105715 0.3069530 0.3069530 0.3061671 0.3189811 0.3111478 0.3119400 0.3041252 0.3113990 0.3115113 0.2997168 0.3136386 0.3395998 0.2021818 0.2675760 0.2228180 0.2300981 0.2708668 0.1807875 0.1623371 0.0000000 0.1687621 0.2858613 0.6291082 0.4258299 0.8978691 0.6366172 0.8243075 0.8711374 1.0156152 1.0608119 0.8655753 0.7786573 0.8272345 0.8173246 0.8223385 0.9558819 0.9715165 0.9867563 0.8695359 0.9057340 0.9141167 0.8605979 0.9301430 0.8708206 1.0609511 1.0807334 1.1463719 0.9154112 1.1286893 1.0548841 0.8862244 0.8984056 0.9190610 0.9190610 0.9022261 0.9022261 0.9115202 0.9101894 0.9185413 0.9101894 0.7737274 0.8993134 0.9016778 0.9088850 0.9116580 0.9116580 0.8605614 0.9696616 0.9972159 0.9860076 0.9860076 1.0033848 0.9914829 0.9950194 1.0130838 1.0195241 1.0171130 0.9952481 1.0371259 1.0274951 0.9794947 0.9508965 0.9636698 0.9316658 0.9361231 1.0022199 0.8355738 1.2505268 1.2685140 2.0121222 1.3080759 1.4778299 1.0534632 1.3965940 1.2919371 1.5876882 1.7791855 1.2840336 1.7704123 1.7103716 1.7305296 2.4095932 1.8157302 1.7462540 1.8684185 1.8224486 1.1433205 1.4289456 1.8561587 1.7415063 2.0357710 1.1974814 1.3247664 1.8385287 1.3552692 1.2404768 1.7802211 1.1292050 
Rhopro_gene_RPRC000482-RA  0.2725836 0.2725836 0.2753675 0.2877786 0.2870821 0.2839272 0.2839272 0.2831949 0.3226555 0.2822752 0.2856278 0.2838831 0.2825041 0.2920921 0.2769627 0.2879076 0.3077776 0.2771257 0.3081923 0.2436801 0.2455887 0.2917612 0.1909722 0.2254307 0.1687621 0.0000000 0.3015560 0.6407285 0.4276913 0.8323184 0.5296717 0.7361539 0.8614967 0.8893382 1.0414811 0.8899293 0.7871192 0.8393500 0.8548104 0.8508177 0.9384919 0.9228798 0.9712479 0.8847126 0.8539696 0.8628945 0.8065723 0.9326521 0.8393025 1.0334062 1.0546965 1.1260650 0.9002648 1.1620608 1.1196334 0.9092886 0.9223937 0.9460535 0.9460535 0.9248494 0.9248494 0.9128308 0.9328561 0.9336004 0.9328561 0.8257489 0.9219901 0.9099857 0.9315563 0.9292296 0.9344066 0.8699255 0.9766130 1.0126772 1.0014267 1.0014267 1.0191026 1.0187804 1.0162728 1.0295831 1.0258302 1.0118351 1.0045925 1.0389493 1.0333339 1.0011673 0.9586180 0.9826179 0.9503707 0.9494147 0.9954526 0.8534331 1.2404439 1.1795703 2.1003625 1.3686265 1.5090734 1.0052215 1.4721377 1.2713488 1.5840915 1.7176043 1.3088045 1.6868211 1.6325054 1.6254934 2.1294920 1.6990920 1.7565351 1.7545798 1.6668729 1.1651661 1.2834709 1.6641124 1.7465316 1.8480169 1.1841001 1.3285944 1.7816970 1.2876900 1.2153100 1.8780146 0.9835326 
Dappul_mRNA74              0.4250292 0.4250292 0.4414795 0.4445876 0.4399332 0.4467560 0.4467560 0.4456757 0.5493452 0.4512291 0.4523704 0.4430198 0.4515783 0.4452812 0.4378939 0.4434815 0.4258454 0.3170769 0.3691876 0.3092905 0.3196083 0.3459079 0.3260803 0.2941614 0.2858613 0.3015560 0.0000000 0.2929544 0.4711632 0.9157560 0.6265379 0.8269788 0.8286289 0.9840704 1.1227962 0.9233411 0.8713670 0.8880389 0.8885007 0.8460545 0.9819313 1.0066870 1.0082715 0.8420417 0.9374365 0.9246845 0.8427643 1.0528079 0.8191636 1.0323222 1.0824709 1.0853946 0.9648796 1.2154360 1.0592080 0.9620800 0.9663750 0.9678227 0.9678227 0.9419987 0.9419987 0.9273078 0.9501047 0.9508440 0.9501047 0.8405697 0.9566655 0.9654174 0.9487974 0.9395671 0.9517305 0.8744615 0.9686124 1.0301494 1.0188133 1.0188133 1.0368902 1.0713031 1.0631840 1.0506261 1.0485162 1.0285012 1.0188558 1.0380730 1.0475335 1.0612875 1.0297708 1.0631106 1.0317217 0.9843685 1.0058797 0.8446487 1.2055466 1.2716146 1.8763506 1.2403760 1.3988509 1.0200238 1.3827140 1.2445475 1.5512593 1.6752382 1.3238853 1.6817798 1.7971209 1.8884922 2.4635434 1.8158695 1.7526006 1.8451766 1.9066124 1.2735766 1.3425326 1.7289464 1.7384773 1.9952818 1.1492311 1.3368441 2.0065806 1.5013847 1.4049550 1.8743095 1.1167022 
Dappul_mRNA16373           0.8054305 0.8054305 0.8147913 0.8257874 0.8183400 0.8267009 0.8267009 0.8249082 0.6813176 0.8297337 0.8348553 0.8238037 0.8297337 0.8241306 0.8125837 0.8222512 0.8042933 0.6746935 0.7387017 0.6360364 0.6592311 0.6644100 0.6319136 0.6188964 0.6291082 0.6407285 0.2929544 0.0000000 0.8396517 1.2835464 1.0640469 1.3106347 1.2569312 1.3306837 1.4078102 1.2113257 1.2046261 1.2134276 1.2143812 1.2514820 1.3408907 1.3831046 1.3934633 1.2020557 1.2919826 1.2763388 1.2350776 1.5599853 1.2502417 1.4660531 1.4472034 1.6257331 1.0090035 1.6429502 1.4451859 1.3036511 1.3274325 1.3228819 1.3228819 1.2874975 1.2874975 1.3101056 1.2982208 1.2988950 1.2982208 0.9388878 1.2959912 1.3194686 1.2966358 1.2835170 1.3015862 1.2593783 1.3270867 1.4670819 1.4516375 1.4516375 1.4846350 1.5231578 1.5124593 1.4902493 1.4892426 1.4630808 1.4488108 1.4600620 1.4642273 1.4517247 1.4298985 1.4309393 1.3841258 1.3282770 1.3601788 1.1802142 1.8435037 1.7055392 2.6084609 1.4508429 1.5313281 0.8853547 1.7107040 1.7952302 1.9965236 2.1189183 1.3180202 2.0124470 2.3111038 2.3712127 3.6474574 2.2061430 2.3027929 2.2040573 2.2531805 1.7190759 1.2619666 2.1400918 2.2710252 2.3411363 1.5861234 1.8312586 2.1363293 1.9420909 1.9012478 2.2467891 1.9514219 
Lepsal_EMLSAT00000002842   0.5696939 0.5696939 0.5768173 0.5819876 0.5788343 0.5869518 0.5869518 0.5846971 0.5319025 0.5784413 0.5847412 0.5864296 0.5788601 0.5885598 0.5756524 0.5844229 0.5767136 0.5183312 0.4915152 0.4629580 0.4615974 0.4891530 0.4620724 0.4453278 0.4258299 0.4276913 0.4711632 0.8396517 0.0000000 0.8916847 0.7415482 0.8805856 0.9764656 0.9544670 1.0297382 0.8994875 0.8549156 0.9059172 0.8704354 0.8801481 0.9822539 1.0141585 1.0256574 0.8650180 1.0128003 0.8783750 0.9051250 1.0444273 0.9661656 1.0799067 1.0362642 1.1130511 0.9897104 1.1608343 1.1446860 0.9126267 0.9272893 0.9462184 0.9462184 0.9148998 0.9148998 0.9053129 0.9229501 0.9237066 0.9229501 0.7510410 0.9109211 0.9167250 0.9216383 0.9189816 0.9244766 0.8391147 0.9681287 1.1205944 1.1085639 1.1085639 1.1291808 1.1598193 1.1544453 1.1445359 1.1210014 1.1185432 1.1175248 1.1364362 1.0875462 0.9110864 0.9265607 1.0520646 1.0022136 0.9161476 1.0018941 0.8502444 1.1659456 1.3007611 1.8550953 1.3780635 1.4656407 1.0496485 1.4887243 1.3732585 1.6349287 1.7516432 1.2168479 1.7862648 1.8299645 1.8217432 2.4137008 1.8996747 1.8235357 1.8841098 1.9056518 1.1978770 1.1992862 1.7133009 1.6726166 2.1544380 1.2283763 1.4230407 1.9071284 1.4444469 1.2331255 1.8158012 1.4532735 
Cgig_EKC37862              0.8377959 0.8377959 0.8459130 0.8791890 0.8721465 0.8778773 0.8778773 0.8793012 0.7783508 0.8774886 0.8768650 0.8789997 0.8780470 0.8782745 0.8667642 0.8816199 0.8482471 0.9197128 0.9467993 0.9768373 0.9608824 1.0440250 0.8482444 0.9626941 0.8978691 0.8323184 0.9157560 1.2835464 0.8916847 0.0000000 0.7817541 0.7145325 0.8841413 1.0977964 1.0202564 0.9460422 0.8530560 0.9300548 0.9183689 0.9301687 1.0037047 0.9713157 1.0433174 0.9146211 1.0201847 0.9949714 0.8659785 0.7808505 1.1354181 1.1921051 1.2055005 1.2486070 0.9715588 1.2750676 1.2487904 1.0295416 1.0479078 1.0871530 1.0871530 1.0547562 1.0547562 1.0473459 1.0549164 1.0480930 1.0549164 0.9274633 1.0518687 1.0526778 1.0628655 1.0557630 1.0663866 0.9743694 1.1400126 1.1532361 1.1539642 1.1539642 1.1884791 1.1253904 1.1165117 1.2007952 1.1636923 1.1760585 1.1577147 1.2003136 1.1580201 1.1130216 1.0553918 1.2026854 1.1206999 1.1204400 1.1039376 0.9813594 1.3113156 1.3356405 1.9832883 1.3166319 1.5156749 0.7596769 1.3924654 1.2207505 1.7679712 2.0909120 1.5131123 1.9809417 2.1852192 2.2795670 3.4286268 2.2870813 1.8915824 2.1243210 2.2111929 1.1833399 1.3709521 1.5705204 1.5821968 2.2372556 1.3411463 1.4661244 1.6318149 1.3611415 1.4484714 1.9071716 2.1557669 
Linana_g15058.t1           0.6473505 0.6473505 0.6358517 0.6414445 0.6378500 0.6193071 0.6193071 0.6258893 0.6025987 0.6241190 0.6246822 0.6266081 0.6326934 0.6349295 0.6160088 0.6230788 0.6276429 0.6681077 0.6480746 0.5928796 0.5486734 0.6032917 0.5704943 0.6031586 0.6366172 0.5296717 0.6265379 1.0640469 0.7415482 0.7817541 0.0000000 0.6394083 0.7787768 0.9515492 1.0358225 0.9158039 0.8267936 0.9090924 0.8931135 0.8878634 0.9131423 0.9335382 0.9306133 0.8928553 0.9559157 0.9520295 0.8832504 0.8639076 0.9245047 1.0636511 1.1345624 1.1783088 0.9431307 1.3049213 1.3025434 0.8967002 0.9180977 0.9318906 0.9318906 0.9288832 0.9288832 0.9212982 0.9284401 0.9197230 0.9284401 0.8696599 0.9259763 0.9284746 0.9357319 0.9323972 0.9386530 0.8636080 1.0140084 1.0910664 1.0917540 1.0917540 1.1240947 1.0564296 1.0512815 1.1031337 1.1075904 1.0765438 1.0763141 1.1352808 1.0930782 0.9524870 0.9681812 0.9614718 0.9346914 0.9231064 0.9015016 0.8456585 1.2579723 1.3182117 2.0109287 1.3499246 1.4770729 1.0353896 1.4757119 1.3169879 1.5408676 2.0535891 1.4541298 1.8589576 1.9787036 2.1091774 2.9607768 2.0334185 1.7314601 2.0365131 2.1597634 1.2078696 1.5200491 1.5301341 1.5418443 2.1869220 1.2509466 1.3299278 1.8807148 1.4637480 1.3225959 1.9791694 1.6446611 
