156
AA0040-Ca_GHcol 0.0000000 0.0947472 0.0406960 0.0870514 0.2049343 0.0824903 0.0824903 0.0402789 0.0834407 0.0406960 0.0896537 0.1435469 0.0896537 0.0947472 0.0402789 0.2355301 0.0433866 0.0881209 0.0896537 0.1464651 0.1435469 0.0881209 0.0881209 0.0870514 0.0433866 0.0870514 0.1589418 0.1589418 0.0870514 0.3289607 0.2107757 0.0402789 0.1328976 0.1328976 0.1408783 0.0879269 0.3398314 0.0406960 0.2401618 0.0824903 0.0879269 0.1337855 0.1694449 0.1464651 0.2355301 0.1408783 0.1589418 0.0870514 0.1352262 0.2348498 0.0402789 0.0866414 0.0879269 0.0834407 0.1456507 0.1584047 0.1408783 0.1439642 0.2286694 0.1460841 0.1352262 0.1435469 0.1584047 0.1337855 0.0879269 0.1464651 0.1355869 0.1435469 0.1337855 0.1439642 0.0406960 0.1456507 0.0000010 0.0402789 0.3289607 0.1419144 0.0881209 0.1439642 0.1589418 0.0406276 0.0870514 0.2348498 0.1995299 0.0402789 0.1616041 0.0933294 0.1424786 0.1584047 0.2390541 0.1435157 0.2355301 0.2107757 0.2286694 0.0866414 0.0892212 0.2190419 0.2103084 0.2355301 0.1610430 0.2122591 0.3702600 0.1352262 0.1456507 0.1439642 0.0892212 0.2401618 0.1419144 0.0879269 0.1456507 0.0870514 0.1526036 0.1439642 0.1419144 0.0870514 0.0870514 0.0879269 0.0896537 0.1465095 0.0876833 0.0383610 0.2095185 0.0890210 0.0960419 0.1419144 0.2049343 0.1337855 0.1439642 0.1526036 0.2119512 0.2130751 0.2122591 0.1563799 0.0406276 0.0870514 0.2130751 0.0876833 0.1435469 0.0881209 0.1424786 0.1355869 0.0870514 0.1584047 0.1328976 0.1328976 0.1419144 0.0879269 0.1456507 0.1964224 0.2310934 0.1460841 0.1464651 0.1435469 0.1337855 0.0383610 0.0383610 0.1694449 
AA0040-Cb_GHcol 0.0947472 0.0000000 0.1589418 0.0934922 0.2245062 0.0882164 0.0882164 0.0429097 0.2190419 0.1589418 0.0965174 0.1558651 0.0965174 0.0000010 0.0429097 0.0878769 0.0405131 0.0947472 0.2400359 0.0381963 0.1558651 0.0947472 0.0947472 0.0934922 0.0405131 0.0934922 0.0405131 0.0405131 0.0934922 0.1439360 0.2316645 0.1563799 0.1432335 0.1432335 0.1526275 0.2344763 0.1473790 0.1589418 0.0889750 0.0882164 0.0945159 0.1443231 0.0428439 0.0381963 0.0878769 0.1526275 0.0405131 0.0934922 0.1460268 0.2618438 0.1563799 0.0929887 0.0945159 0.2190419 0.3343170 0.0404463 0.1526275 0.1563799 0.0864011 0.1589418 0.3034314 0.3271010 0.1456345 0.1443231 0.2344763 0.0381963 0.1464651 0.1558651 0.1443231 0.1563799 0.1589418 0.1584047 0.0947472 0.1563799 0.1439360 0.1539124 0.0947472 0.1563799 0.1460712 0.1584047 0.0934922 0.2618438 0.2181541 0.1563799 0.1482835 0.1007778 0.3241781 0.0404463 0.2176477 0.1559362 0.0878769 0.2316645 0.0864011 0.0929887 0.2401618 0.0832056 0.2310934 0.0878769 0.1478292 0.2334360 0.4147592 0.1460268 0.1584047 0.1563799 0.2401618 0.0889750 0.1539124 0.2344763 0.1584047 0.0934922 0.1665415 0.1563799 0.1539124 0.0934922 0.0934922 0.2344763 0.0965174 0.3348340 0.0942634 0.1464651 0.2300897 0.2390541 0.0889750 0.1539124 0.2245062 0.1443231 0.1563799 0.1665415 0.2329581 0.2344763 0.2334360 0.0401003 0.1584047 0.0934922 0.2344763 0.0942634 0.1558651 0.0947472 0.3241781 0.1464651 0.0934922 0.1456345 0.2960453 0.2960453 0.1539124 0.2344763 0.3343170 0.2143629 0.0868095 0.1589418 0.0381963 0.1558651 0.1443231 0.1464651 0.1464651 0.0428439 
AA0041-Ca_GHcol 0.0406960 0.1589418 0.0000000 0.1439642 0.2869330 0.1355869 0.1355869 0.0881209 0.1374459 0.0000010 0.1487059 0.2130751 0.1487059 0.1589418 0.0881209 0.1589418 0.0960419 0.0406960 0.1487059 0.2190419 0.2130751 0.0406960 0.1460841 0.1439642 0.0960419 0.1439642 0.0960419 0.2401618 0.1439642 0.2355301 0.2961375 0.0881209 0.1953636 0.1953636 0.2083192 0.1456507 0.2426860 0.0892212 0.1616041 0.1355869 0.1456507 0.1970983 0.2564550 0.2190419 0.1589418 0.2083192 0.0960419 0.1439642 0.1995299 0.1582635 0.0881209 0.1428866 0.1456507 0.0387364 0.0890210 0.2390541 0.2083192 0.0881209 0.3260309 0.0892212 0.1995299 0.2130751 0.2390541 0.1970983 0.1456507 0.2190419 0.2002344 0.2130751 0.1970983 0.2139003 0.0892212 0.0890210 0.0406960 0.0881209 0.2355301 0.2103084 0.1460841 0.0881209 0.0960419 0.0890210 0.1439642 0.1582635 0.2792677 0.0881209 0.0973784 0.1549849 0.2110298 0.2390541 0.1610430 0.2138747 0.1589418 0.2961375 0.3260309 0.1428866 0.0411220 0.1486847 0.1439642 0.1589418 0.0971306 0.2980918 0.4935957 0.1995299 0.0890210 0.2139003 0.0411220 0.1616041 0.2103084 0.1456507 0.2167713 0.1439642 0.2270188 0.2139003 0.2103084 0.1439642 0.1439642 0.1456507 0.1487059 0.2177099 0.1456345 0.0834407 0.2938062 0.1478288 0.0438754 0.2103084 0.2869330 0.1970983 0.2139003 0.2270188 0.2974932 0.2995782 0.2980918 0.2355301 0.0890210 0.1439642 0.1456507 0.1456345 0.2130751 0.1460841 0.2110298 0.2002344 0.1439642 0.2390541 0.1953636 0.1953636 0.2103084 0.1456507 0.2167713 0.2741995 0.3289607 0.0892212 0.2190419 0.2130751 0.1970983 0.0834407 0.0834407 0.2564550 
AA0041-Cb_GHcol 0.0870514 0.0934922 0.1439642 0.0000000 0.2016727 0.0815637 0.0815637 0.0398720 0.1970983 0.1439642 0.0885460 0.1415122 0.0885460 0.0934922 0.0398720 0.0934922 0.1563799 0.0870514 0.2140026 0.1443231 0.1415122 0.0870514 0.0870514 0.0860112 0.1563799 0.0860112 0.1563799 0.1563799 0.0860112 0.1539124 0.2073031 0.1419144 0.1311830 0.1311830 0.1389344 0.2095185 0.3323891 0.1439642 0.2355301 0.0815637 0.0868632 0.1320388 0.1665415 0.1443231 0.0934922 0.1389344 0.1563799 0.0860112 0.1334370 0.2304186 0.1419144 0.0856155 0.0868632 0.1970983 0.2938062 0.1558651 0.1389344 0.1419144 0.2245062 0.1439642 0.2693299 0.2882654 0.3271010 0.1320388 0.2095185 0.1443231 0.1337855 0.1415122 0.1320388 0.1419144 0.1439642 0.1435469 0.0870514 0.1419144 0.1539124 0.0394738 0.0870514 0.1419144 0.3289607 0.1435469 0.0860112 0.2304186 0.1964224 0.0398720 0.3362747 0.0921279 0.2855812 0.1558651 0.2344763 0.1414675 0.2310934 0.2073031 0.2245062 0.0856155 0.2139003 0.2152106 0.0860112 0.2310934 0.3343170 0.2087373 0.3628200 0.1334370 0.1435469 0.1419144 0.2139003 0.2355301 0.1399311 0.2095185 0.1435469 0.0860112 0.1503050 0.1419144 0.1399311 0.0860112 0.0860112 0.2095185 0.0885460 0.2945145 0.0866218 0.1337855 0.0858285 0.2130751 0.2355301 0.1399311 0.2016727 0.1320388 0.1419144 0.1503050 0.2084579 0.2095185 0.2087373 0.0424441 0.1435469 0.0860112 0.2095185 0.0866218 0.1415122 0.0870514 0.2855812 0.1337855 0.0860112 0.3271010 0.2633232 0.2633232 0.1399311 0.2095185 0.2938062 0.1934253 0.2268397 0.1439642 0.1443231 0.1415122 0.1320388 0.1337855 0.1337855 0.1665415 
AA0042-Ca_GHcol 0.2049343 0.2245062 0.2869330 0.2016727 0.0000000 0.1895436 0.1895436 0.1389344 0.3568528 0.2869330 0.2084579 0.1385548 0.2084579 0.2245062 0.1389344 0.4313765 0.3190448 0.2049343 0.3890661 0.2902358 0.1385548 0.2049343 0.2049343 0.0846170 0.3190448 0.2016727 0.3190448 0.3190448 0.0846170 0.3123698 0.2021046 0.1389344 0.1389344 0.1389344 0.0414114 0.2041957 0.5953839 0.2869330 0.4420265 0.1895436 0.2041957 0.1295189 0.3402957 0.2902358 0.4313765 0.0414114 0.3190448 0.2016727 0.2622180 0.2238403 0.1389344 0.0905244 0.2041957 0.3568528 0.2855812 0.3172875 0.0414114 0.1389344 0.0974974 0.2869330 0.2622180 0.2803183 0.3172875 0.1295189 0.2041957 0.2902358 0.2633232 0.2803183 0.1295189 0.2816075 0.2869330 0.2855812 0.2049343 0.1389344 0.3123698 0.1370515 0.2049343 0.1389344 0.3190448 0.2855812 0.2016727 0.2238403 0.3549112 0.2816075 0.6049709 0.2170195 0.3065395 0.3172875 0.7941872 0.1384922 0.2245062 0.2021046 0.0974974 0.0905244 0.3913989 0.3999053 0.2016727 0.2245062 0.6001479 0.3785504 0.3533268 0.2622180 0.2855812 0.1389344 0.3913989 0.4420265 0.0390027 0.3807531 0.2855812 0.2016727 0.1469420 0.1389344 0.1370515 0.0846170 0.0846170 0.3807531 0.2084579 0.2863181 0.2048263 0.2633232 0.2009644 0.3890457 0.4420265 0.1370515 0.0000010 0.1295189 0.1389344 0.1469420 0.0921279 0.2041957 0.3785504 0.3123698 0.2855812 0.2016727 0.2041957 0.2048263 0.2803183 0.2049343 0.1494268 0.2633232 0.2016727 0.3172875 0.1389344 0.1389344 0.1370515 0.3807531 0.2855812 0.1889339 0.2205118 0.2869330 0.2902358 0.2803183 0.1295189 0.2633232 0.2633232 0.3402957 
AA0042-Cb_GHcol 0.0824903 0.0882164 0.1355869 0.0815637 0.1895436 0.0000000 0.0000010 0.0379935 0.0838104 0.1355869 0.0838359 0.1334370 0.0838359 0.0882164 0.0379935 0.2152106 0.1464651 0.0824903 0.2004210 0.1358709 0.1334370 0.0824903 0.0824903 0.0815637 0.1464651 0.0815637 0.1464651 0.1464651 0.0815637 0.2988933 0.1944838 0.1337855 0.0379935 0.0379935 0.1311830 0.1964224 0.3081036 0.1355869 0.2190419 0.0775665 0.0823245 0.0380688 0.1554613 0.1358709 0.2152106 0.1311830 0.1464651 0.0815637 0.0383793 0.2145533 0.1337855 0.0812238 0.0823245 0.0838104 0.2741995 0.1460268 0.1311830 0.1337855 0.2094937 0.1355869 0.1361610 0.2693299 0.3034314 0.0380688 0.1964224 0.0408245 0.0384388 0.1334370 0.1249979 0.1337855 0.1355869 0.1352262 0.0824903 0.1337855 0.2988933 0.1320388 0.0824903 0.1337855 0.3050200 0.1352262 0.0815637 0.2145533 0.1848001 0.1337855 0.3114228 0.0870550 0.2668327 0.1460268 0.4177337 0.1333463 0.2152106 0.1944838 0.2094937 0.0812238 0.2002344 0.0897715 0.1940745 0.2152106 0.3097508 0.1957532 0.2015339 0.0383793 0.1352262 0.1337855 0.2002344 0.2190419 0.1320388 0.1964224 0.1352262 0.0815637 0.1412981 0.1337855 0.1320388 0.0815637 0.0815637 0.1964224 0.0838359 0.2749648 0.0820915 0.0384388 0.1934253 0.1995299 0.2190419 0.1320388 0.1895436 0.1249979 0.1337855 0.1412981 0.1955737 0.1964224 0.1957532 0.1443231 0.1352262 0.0815637 0.1964224 0.0820915 0.1334370 0.0824903 0.2668327 0.0384388 0.0815637 0.3034314 0.1337855 0.1337855 0.1320388 0.1964224 0.2741995 0.1821636 0.2115298 0.1355869 0.0408245 0.1334370 0.1249979 0.0384388 0.1265471 0.1554613 
AA0043-Ca_GHcol 0.0824903 0.0882164 0.1355869 0.0815637 0.1895436 0.0000010 0.0000000 0.0379935 0.0838104 0.1355869 0.0838359 0.1334370 0.0838359 0.0882164 0.0379935 0.2152106 0.1464651 0.0824903 0.2004210 0.1358709 0.1334370 0.0824903 0.0824903 0.0815637 0.1464651 0.0815637 0.1464651 0.1464651 0.0815637 0.2988933 0.1944838 0.1337855 0.0379935 0.0379935 0.1311830 0.1964224 0.3081036 0.1355869 0.2190419 0.0775665 0.0823245 0.0380688 0.1554613 0.1358709 0.2152106 0.1311830 0.1464651 0.0815637 0.0383793 0.2145533 0.1337855 0.0812238 0.0823245 0.0838104 0.2741995 0.1460268 0.1311830 0.1337855 0.2094937 0.1355869 0.1361610 0.2693299 0.3034314 0.0380688 0.1964224 0.0408245 0.0384388 0.1334370 0.1249979 0.1337855 0.1355869 0.1352262 0.0824903 0.1337855 0.2988933 0.1320388 0.0824903 0.1337855 0.3050200 0.1352262 0.0815637 0.2145533 0.1848001 0.1337855 0.3114228 0.0870550 0.2668327 0.1460268 0.4177337 0.1333463 0.2152106 0.1944838 0.2094937 0.0812238 0.2002344 0.0897715 0.1940745 0.2152106 0.3097508 0.1957532 0.2015339 0.0383793 0.1352262 0.1337855 0.2002344 0.2190419 0.1320388 0.1964224 0.1352262 0.0815637 0.1412981 0.1337855 0.1320388 0.0815637 0.0815637 0.1964224 0.0838359 0.2749648 0.0820915 0.0384388 0.1934253 0.1995299 0.2190419 0.1320388 0.1895436 0.1249979 0.1337855 0.1412981 0.1955737 0.1964224 0.1957532 0.1443231 0.1352262 0.0815637 0.1964224 0.0820915 0.1334370 0.0824903 0.2668327 0.0384388 0.0815637 0.3034314 0.1337855 0.1337855 0.1320388 0.1964224 0.2741995 0.1821636 0.2115298 0.1355869 0.0408245 0.1334370 0.1249979 0.0384388 0.1265471 0.1554613 
AA0043-Cb_GHcol 0.0402789 0.0429097 0.0881209 0.0398720 0.1389344 0.0379935 0.0379935 0.0000000 0.1355869 0.0881209 0.0409523 0.0868632 0.0409523 0.0429097 0.0000010 0.1563799 0.0947472 0.0402789 0.1465095 0.0882164 0.0868632 0.0402789 0.0402789 0.0398720 0.0947472 0.0398720 0.0947472 0.0947472 0.0398720 0.2310934 0.1422924 0.0870514 0.0812238 0.0812238 0.0856155 0.1435469 0.2379611 0.0881209 0.1589418 0.0379935 0.0402131 0.0815637 0.1007778 0.0882164 0.1563799 0.0856155 0.0947472 0.0398720 0.0823245 0.1557154 0.0870514 0.0397857 0.0402131 0.1355869 0.2130751 0.0945159 0.0856155 0.0870514 0.1526275 0.0881209 0.1964224 0.2095185 0.2344763 0.0815637 0.1435469 0.0882164 0.0824903 0.0868632 0.0815637 0.0870514 0.0881209 0.0879269 0.0402789 0.0870514 0.2310934 0.0860112 0.0402789 0.0870514 0.2355301 0.0879269 0.0398720 0.1557154 0.1352262 0.0870514 0.2401618 0.0425760 0.2075485 0.0945159 0.3343170 0.0866218 0.1563799 0.1422924 0.1526275 0.0397857 0.1460841 0.1464651 0.1419144 0.1563799 0.2390541 0.1431329 0.2737487 0.0823245 0.0879269 0.0870514 0.1460841 0.1589418 0.0860112 0.1435469 0.0879269 0.0398720 0.0921279 0.0870514 0.0860112 0.0398720 0.0398720 0.1435469 0.0409523 0.2140026 0.0400350 0.0824903 0.1415122 0.1456507 0.1589418 0.0860112 0.1389344 0.0815637 0.0870514 0.0921279 0.1433084 0.1435469 0.1431329 0.0934922 0.0879269 0.0398720 0.1435469 0.0400350 0.0868632 0.0402789 0.2075485 0.0824903 0.0398720 0.2344763 0.1924027 0.1924027 0.0860112 0.1435469 0.2130751 0.1334370 0.1539124 0.0881209 0.0882164 0.0868632 0.0815637 0.0824903 0.0824903 0.1007778 
AA0044-Ca_GHcol 0.0834407 0.2190419 0.1374459 0.1970983 0.3568528 0.0838104 0.0838104 0.1355869 0.0000000 0.1374459 0.2036560 0.2741995 0.2036560 0.2190419 0.1355869 0.4204849 0.1486847 0.2002344 0.2036560 0.2836162 0.2741995 0.2002344 0.0834407 0.1970983 0.1486847 0.1970983 0.3114228 0.1486847 0.1970983 0.5555251 0.3681727 0.1355869 0.1355869 0.1355869 0.2679895 0.1995299 0.5766048 0.0387364 0.2230331 0.1853826 0.1995299 0.1365295 0.3319398 0.2836162 0.4204849 0.2679895 0.3114228 0.1970983 0.1380435 0.4204338 0.1355869 0.1953636 0.1995299 0.0847994 0.2792677 0.3097508 0.2679895 0.2754319 0.4093825 0.1374459 0.1380435 0.2741995 0.3097508 0.1365295 0.1995299 0.1498975 0.1384254 0.2741995 0.2533899 0.1355869 0.0387364 0.2792677 0.0834407 0.1355869 0.5555251 0.2705070 0.0834407 0.2754319 0.3114228 0.1370723 0.1970983 0.4204338 0.1875270 0.1355869 0.1509839 0.2119512 0.2716350 0.3097508 0.4277004 0.2762412 0.4204849 0.3681727 0.4093825 0.1953636 0.0844166 0.2253684 0.3665906 0.4204849 0.3163576 0.3700671 0.3800574 0.1380435 0.2792677 0.1355869 0.2034869 0.2230331 0.2705070 0.1995299 0.1370723 0.1970983 0.2917895 0.1355869 0.2705070 0.1970983 0.1970983 0.1995299 0.2036560 0.2800251 0.2000876 0.0388164 0.3645643 0.0842410 0.2230331 0.2705070 0.3568528 0.2533899 0.2754319 0.2917895 0.3701367 0.3721630 0.3700671 0.3050200 0.1370723 0.1970983 0.3721630 0.2000876 0.2741995 0.2002344 0.2716350 0.1384254 0.1970983 0.3097508 0.1355869 0.1355869 0.2705070 0.1995299 0.2792677 0.3404342 0.4108254 0.1374459 0.1498975 0.2741995 0.2533899 0.0388164 0.1281411 0.3319398 
AA0044-Cb_GHcol 0.0406960 0.1589418 0.0000010 0.1439642 0.2869330 0.1355869 0.1355869 0.0881209 0.1374459 0.0000000 0.1487059 0.2130751 0.1487059 0.1589418 0.0881209 0.1589418 0.0960419 0.0406960 0.1487059 0.2190419 0.2130751 0.0406960 0.1460841 0.1439642 0.0960419 0.1439642 0.0960419 0.2401618 0.1439642 0.2355301 0.2961375 0.0881209 0.1953636 0.1953636 0.2083192 0.1456507 0.2426860 0.0892212 0.1616041 0.1355869 0.1456507 0.1970983 0.2564550 0.2190419 0.1589418 0.2083192 0.0960419 0.1439642 0.1995299 0.1582635 0.0881209 0.1428866 0.1456507 0.0387364 0.0890210 0.2390541 0.2083192 0.0881209 0.3260309 0.0892212 0.1995299 0.2130751 0.2390541 0.1970983 0.1456507 0.2190419 0.2002344 0.2130751 0.1970983 0.2139003 0.0892212 0.0890210 0.0406960 0.0881209 0.2355301 0.2103084 0.1460841 0.0881209 0.0960419 0.0890210 0.1439642 0.1582635 0.2792677 0.0881209 0.0973784 0.1549849 0.2110298 0.2390541 0.1610430 0.2138747 0.1589418 0.2961375 0.3260309 0.1428866 0.0411220 0.1486847 0.1439642 0.1589418 0.0971306 0.2980918 0.4935957 0.1995299 0.0890210 0.2139003 0.0411220 0.1616041 0.2103084 0.1456507 0.2167713 0.1439642 0.2270188 0.2139003 0.2103084 0.1439642 0.1439642 0.1456507 0.1487059 0.2177099 0.1456345 0.0834407 0.2938062 0.1478288 0.0438754 0.2103084 0.2869330 0.1970983 0.2139003 0.2270188 0.2974932 0.2995782 0.2980918 0.2355301 0.0890210 0.1439642 0.1456507 0.1456345 0.2130751 0.1460841 0.2110298 0.2002344 0.1439642 0.2390541 0.1953636 0.1953636 0.2103084 0.1456507 0.2167713 0.2741995 0.3289607 0.0892212 0.2190419 0.2130751 0.1970983 0.0834407 0.0834407 0.2564550 
AA0048-Ca_GHgam 0.0896537 0.0965174 0.1487059 0.0885460 0.2084579 0.0838359 0.0838359 0.0409523 0.2036560 0.1487059 0.0000000 0.1460755 0.0000010 0.0965174 0.0409523 0.2400359 0.1620222 0.0896537 0.2216099 0.1491133 0.1460755 0.0896537 0.0896537 0.0885460 0.1620222 0.0885460 0.1620222 0.1620222 0.0885460 0.3348340 0.2144826 0.1465095 0.1350802 0.1350802 0.1433084 0.2168532 0.3459465 0.1487059 0.2448224 0.0838359 0.0894520 0.1360047 0.1728551 0.1491133 0.2400359 0.1433084 0.1620222 0.0885460 0.1374921 0.2393573 0.1465095 0.0881166 0.0894520 0.2036560 0.3047074 0.1614614 0.1433084 0.1465095 0.2329581 0.1487059 0.2787518 0.2987855 0.3403104 0.1360047 0.2168532 0.1491133 0.1378666 0.1460755 0.1360047 0.1465095 0.1487059 0.1482547 0.0896537 0.1465095 0.3348340 0.1443882 0.0896537 0.1465095 0.3423271 0.1482547 0.0885460 0.2393573 0.2029250 0.1465095 0.3501598 0.0950287 0.2960274 0.1614614 0.4681212 0.1460625 0.2400359 0.2144826 0.2329581 0.0881166 0.2215647 0.2230673 0.2140026 0.2400359 0.3480367 0.2160062 0.3760122 0.1374921 0.1482547 0.1465095 0.2215647 0.2448224 0.1443882 0.2168532 0.1482547 0.0885460 0.1554021 0.1465095 0.1443882 0.0885460 0.0885460 0.2168532 0.0912351 0.3053718 0.0892066 0.1378666 0.2131829 0.2206685 0.2448224 0.1443882 0.2084579 0.1360047 0.1465095 0.1554021 0.0824903 0.2168532 0.2160062 0.1593628 0.1482547 0.0885460 0.2168532 0.0892066 0.1460755 0.0896537 0.2960274 0.1378666 0.0885460 0.3403104 0.2724089 0.2724089 0.1443882 0.2168532 0.3047074 0.1997198 0.2354516 0.1487059 0.1491133 0.1460755 0.1360047 0.1378666 0.1378666 0.1728551 
AA0048-Cb_GHgam 0.1435469 0.1558651 0.2130751 0.1415122 0.1385548 0.1334370 0.1334370 0.0868632 0.2741995 0.2130751 0.1460755 0.0000000 0.1460755 0.1558651 0.0868632 0.3271010 0.2344763 0.1435469 0.2987855 0.2143629 0.0000010 0.1435469 0.1435469 0.0398077 0.2344763 0.1415122 0.2344763 0.2344763 0.0398077 0.2300897 0.1418887 0.0868632 0.1917686 0.1917686 0.2041957 0.0400485 0.2332303 0.2130751 0.3343170 0.1334370 0.0400485 0.0814026 0.2500230 0.2143629 0.3271010 0.2041957 0.2344763 0.1415122 0.0817935 0.1552041 0.0868632 0.1404850 0.0400485 0.2741995 0.0872928 0.0937427 0.0854354 0.0868632 0.3172875 0.2130751 0.0817935 0.0862504 0.0937427 0.0814026 0.0400485 0.2143629 0.1964224 0.0862504 0.0814026 0.2095185 0.2130751 0.0872928 0.1435469 0.2095185 0.2300897 0.0858285 0.1435469 0.0868632 0.2344763 0.0872928 0.1415122 0.1552041 0.1338735 0.2095185 0.4609621 0.1521277 0.2043076 0.0937427 0.3251152 0.0864351 0.1558651 0.1418887 0.3172875 0.1404850 0.2995782 0.3034314 0.1415122 0.1558651 0.2342557 0.1415563 0.1342858 0.0817935 0.0872928 0.0868632 0.2995782 0.3343170 0.0858285 0.1419560 0.0872928 0.1415122 0.0919143 0.0868632 0.0858285 0.1415122 0.1415122 0.1419560 0.1460755 0.2131829 0.1430990 0.1964224 0.0396473 0.1439921 0.3343170 0.0858285 0.1385548 0.0814026 0.0868632 0.0919143 0.2903928 0.0400485 0.1415563 0.2300897 0.0872928 0.1415122 0.0400485 0.1430990 0.0862504 0.1435469 0.0858531 0.1964224 0.1415122 0.0937427 0.1917686 0.1917686 0.0858285 0.1419560 0.0872928 0.0377936 0.1534185 0.2130751 0.2143629 0.0862504 0.0814026 0.1964224 0.1964224 0.2500230 
AA0049-Ca_GHcol 0.0896537 0.0965174 0.1487059 0.0885460 0.2084579 0.0838359 0.0838359 0.0409523 0.2036560 0.1487059 0.0000010 0.1460755 0.0000000 0.0965174 0.0409523 0.2400359 0.1620222 0.0896537 0.2216099 0.1491133 0.1460755 0.0896537 0.0896537 0.0885460 0.1620222 0.0885460 0.1620222 0.1620222 0.0885460 0.3348340 0.2144826 0.1465095 0.1350802 0.1350802 0.1433084 0.2168532 0.3459465 0.1487059 0.2448224 0.0838359 0.0894520 0.1360047 0.1728551 0.1491133 0.2400359 0.1433084 0.1620222 0.0885460 0.1374921 0.2393573 0.1465095 0.0881166 0.0894520 0.2036560 0.3047074 0.1614614 0.1433084 0.1465095 0.2329581 0.1487059 0.2787518 0.2987855 0.3403104 0.1360047 0.2168532 0.1491133 0.1378666 0.1460755 0.1360047 0.1465095 0.1487059 0.1482547 0.0896537 0.1465095 0.3348340 0.1443882 0.0896537 0.1465095 0.3423271 0.1482547 0.0885460 0.2393573 0.2029250 0.1465095 0.3501598 0.0950287 0.2960274 0.1614614 0.4681212 0.1460625 0.2400359 0.2144826 0.2329581 0.0881166 0.2215647 0.2230673 0.2140026 0.2400359 0.3480367 0.2160062 0.3760122 0.1374921 0.1482547 0.1465095 0.2215647 0.2448224 0.1443882 0.2168532 0.1482547 0.0885460 0.1554021 0.1465095 0.1443882 0.0885460 0.0885460 0.2168532 0.0912351 0.3053718 0.0892066 0.1378666 0.2131829 0.2206685 0.2448224 0.1443882 0.2084579 0.1360047 0.1465095 0.1554021 0.0824903 0.2168532 0.2160062 0.1593628 0.1482547 0.0885460 0.2168532 0.0892066 0.1460755 0.0896537 0.2960274 0.1378666 0.0885460 0.3403104 0.2724089 0.2724089 0.1443882 0.2168532 0.3047074 0.1997198 0.2354516 0.1487059 0.1491133 0.1460755 0.1360047 0.1378666 0.1378666 0.1728551 
AA0049-Cb_GHcol 0.0947472 0.0000010 0.1589418 0.0934922 0.2245062 0.0882164 0.0882164 0.0429097 0.2190419 0.1589418 0.0965174 0.1558651 0.0965174 0.0000000 0.0429097 0.0878769 0.0405131 0.0947472 0.2400359 0.0381963 0.1558651 0.0947472 0.0947472 0.0934922 0.0405131 0.0934922 0.0405131 0.0405131 0.0934922 0.1439360 0.2316645 0.1563799 0.1432335 0.1432335 0.1526275 0.2344763 0.1473790 0.1589418 0.0889750 0.0882164 0.0945159 0.1443231 0.0428439 0.0381963 0.0878769 0.1526275 0.0405131 0.0934922 0.1460268 0.2618438 0.1563799 0.0929887 0.0945159 0.2190419 0.3343170 0.0404463 0.1526275 0.1563799 0.0864011 0.1589418 0.3034314 0.3271010 0.1456345 0.1443231 0.2344763 0.0381963 0.1464651 0.1558651 0.1443231 0.1563799 0.1589418 0.1584047 0.0947472 0.1563799 0.1439360 0.1539124 0.0947472 0.1563799 0.1460712 0.1584047 0.0934922 0.2618438 0.2181541 0.1563799 0.1482835 0.1007778 0.3241781 0.0404463 0.2176477 0.1559362 0.0878769 0.2316645 0.0864011 0.0929887 0.2401618 0.0832056 0.2310934 0.0878769 0.1478292 0.2334360 0.4147592 0.1460268 0.1584047 0.1563799 0.2401618 0.0889750 0.1539124 0.2344763 0.1584047 0.0934922 0.1665415 0.1563799 0.1539124 0.0934922 0.0934922 0.2344763 0.0965174 0.3348340 0.0942634 0.1464651 0.2300897 0.2390541 0.0889750 0.1539124 0.2245062 0.1443231 0.1563799 0.1665415 0.2329581 0.2344763 0.2334360 0.0401003 0.1584047 0.0934922 0.2344763 0.0942634 0.1558651 0.0947472 0.3241781 0.1464651 0.0934922 0.1456345 0.2960453 0.2960453 0.1539124 0.2344763 0.3343170 0.2143629 0.0868095 0.1589418 0.0381963 0.1558651 0.1443231 0.1464651 0.1464651 0.0428439 
AA0050-Ca_GHgam 0.0402789 0.0429097 0.0881209 0.0398720 0.1389344 0.0379935 0.0379935 0.0000010 0.1355869 0.0881209 0.0409523 0.0868632 0.0409523 0.0429097 0.0000000 0.1563799 0.0947472 0.0402789 0.1465095 0.0882164 0.0868632 0.0402789 0.0402789 0.0398720 0.0947472 0.0398720 0.0947472 0.0947472 0.0398720 0.2310934 0.1422924 0.0870514 0.0812238 0.0812238 0.0856155 0.1435469 0.2379611 0.0881209 0.1589418 0.0379935 0.0402131 0.0815637 0.1007778 0.0882164 0.1563799 0.0856155 0.0947472 0.0398720 0.0823245 0.1557154 0.0870514 0.0397857 0.0402131 0.1355869 0.2130751 0.0945159 0.0856155 0.0870514 0.1526275 0.0881209 0.1964224 0.2095185 0.2344763 0.0815637 0.1435469 0.0882164 0.0824903 0.0868632 0.0815637 0.0870514 0.0881209 0.0879269 0.0402789 0.0870514 0.2310934 0.0860112 0.0402789 0.0870514 0.2355301 0.0879269 0.0398720 0.1557154 0.1352262 0.0870514 0.2401618 0.0425760 0.2075485 0.0945159 0.3343170 0.0866218 0.1563799 0.1422924 0.1526275 0.0397857 0.1460841 0.1464651 0.1419144 0.1563799 0.2390541 0.1431329 0.2737487 0.0823245 0.0879269 0.0870514 0.1460841 0.1589418 0.0860112 0.1435469 0.0879269 0.0398720 0.0921279 0.0870514 0.0860112 0.0398720 0.0398720 0.1435469 0.0409523 0.2140026 0.0400350 0.0824903 0.1415122 0.1456507 0.1589418 0.0860112 0.1389344 0.0815637 0.0870514 0.0921279 0.1433084 0.1435469 0.1431329 0.0934922 0.0879269 0.0398720 0.1435469 0.0400350 0.0868632 0.0402789 0.2075485 0.0824903 0.0398720 0.2344763 0.1924027 0.1924027 0.0860112 0.1435469 0.2130751 0.1334370 0.1539124 0.0881209 0.0882164 0.0868632 0.0815637 0.0824903 0.0824903 0.1007778 
AA0051-Ca_GHcol 0.2355301 0.0878769 0.1589418 0.0934922 0.4313765 0.2152106 0.2152106 0.1563799 0.4204849 0.1589418 0.2400359 0.3271010 0.2400359 0.0878769 0.1563799 0.0000000 0.1460712 0.0947472 0.4600770 0.1355069 0.3271010 0.0947472 0.2355301 0.2310934 0.1460712 0.2310934 0.0405131 0.1460712 0.2310934 0.0401003 0.4451068 0.3289607 0.2960453 0.2960453 0.3190448 0.4499354 0.1473790 0.3362747 0.0889750 0.2152106 0.2344763 0.2988933 0.1550465 0.1355069 0.0000010 0.3190448 0.0405131 0.2310934 0.3034314 0.2618438 0.3289607 0.2286694 0.2344763 0.2190419 0.3343170 0.1456345 0.3190448 0.1563799 0.2090266 0.1589418 0.5514283 0.5901976 0.3024468 0.2988933 0.4499354 0.1355069 0.3050200 0.3271010 0.2988933 0.3289607 0.3362747 0.1584047 0.2355301 0.3289607 0.0401003 0.1539124 0.2355301 0.1563799 0.1460712 0.3343170 0.2310934 0.2618438 0.4177337 0.1563799 0.1482835 0.2512354 0.6001479 0.1456345 0.0887753 0.3311037 0.0878769 0.4451068 0.2090266 0.2286694 0.2401618 0.0832056 0.0934922 0.0878769 0.1478292 0.4468902 0.7269307 0.3034314 0.1584047 0.3289607 0.2401618 0.0889750 0.3219632 0.4499354 0.3343170 0.2310934 0.3509584 0.3289607 0.3219632 0.2310934 0.2310934 0.4499354 0.2400359 0.6022029 0.2357724 0.3050200 0.2300897 0.4609621 0.0889750 0.3219632 0.4313765 0.2988933 0.3289607 0.3509584 0.4492170 0.4499354 0.4468902 0.0401003 0.3343170 0.2310934 0.2344763 0.2357724 0.3271010 0.2355301 0.6001479 0.3050200 0.2310934 0.3024468 0.5473030 0.5473030 0.3219632 0.4499354 0.6057474 0.4082098 0.2110539 0.1589418 0.1355069 0.3271010 0.2988933 0.3050200 0.3050200 0.1550465 
AA0051-Cb_GHcol 0.0433866 0.0405131 0.0960419 0.1563799 0.3190448 0.1464651 0.1464651 0.0947472 0.1486847 0.0960419 0.1620222 0.2344763 0.1620222 0.0405131 0.0947472 0.1460712 0.0000000 0.1589418 0.1620222 0.0832056 0.2344763 0.1589418 0.1589418 0.1563799 0.0000010 0.1563799 0.0889750 0.0889750 0.1563799 0.2147178 0.3302496 0.0947472 0.2130943 0.2130943 0.2286694 0.1584047 0.2206623 0.0960419 0.1482835 0.1464651 0.1584047 0.2152106 0.0943170 0.0832056 0.1460712 0.2286694 0.0889750 0.1563799 0.2181541 0.3803018 0.0947472 0.1550390 0.1584047 0.1486847 0.2390541 0.0887753 0.2286694 0.2355301 0.1428511 0.2401618 0.2181541 0.2344763 0.0887753 0.2152106 0.1584047 0.0832056 0.2190419 0.2344763 0.2152106 0.2355301 0.0960419 0.2390541 0.0433866 0.0947472 0.2147178 0.2310934 0.1589418 0.2355301 0.0889750 0.0958026 0.1563799 0.3803018 0.3097508 0.0947472 0.0901053 0.1694449 0.2319844 0.0887753 0.1478292 0.2357724 0.1460712 0.3302496 0.1428511 0.1550390 0.1616041 0.1373761 0.3289607 0.1460712 0.0898993 0.3323891 0.5589970 0.2181541 0.2390541 0.2355301 0.1616041 0.1482835 0.2310934 0.1584047 0.2390541 0.1563799 0.2512354 0.2355301 0.2310934 0.1563799 0.1563799 0.1584047 0.1620222 0.2400359 0.1585015 0.0893204 0.3271010 0.1610430 0.0409366 0.2310934 0.3190448 0.2152106 0.2355301 0.2512354 0.3319398 0.3343170 0.3323891 0.0878769 0.0958026 0.1563799 0.3343170 0.1585015 0.2344763 0.1589418 0.2319844 0.2190419 0.1563799 0.0887753 0.2130943 0.2130943 0.2310934 0.1584047 0.2390541 0.3034314 0.1439360 0.2401618 0.0832056 0.2344763 0.2152106 0.0893204 0.0893204 0.0943170 
AA0052-Ca_GHcol 0.0881209 0.0947472 0.0406960 0.0870514 0.2049343 0.0824903 0.0824903 0.0402789 0.2002344 0.0406960 0.0896537 0.1435469 0.0896537 0.0947472 0.0402789 0.0947472 0.1589418 0.0000000 0.2177099 0.1464651 0.1435469 0.0000010 0.0881209 0.0870514 0.1589418 0.0870514 0.0433866 0.1589418 0.0870514 0.1563799 0.2107757 0.1439642 0.1328976 0.1328976 0.1408783 0.2130751 0.1604877 0.1460841 0.0960419 0.0824903 0.0879269 0.1337855 0.1694449 0.1464651 0.0947472 0.1408783 0.0433866 0.0870514 0.1352262 0.0942411 0.1439642 0.0866414 0.0879269 0.0834407 0.1456507 0.1584047 0.1408783 0.0402789 0.2286694 0.0406960 0.2741995 0.2938062 0.3343170 0.1337855 0.2130751 0.1464651 0.1355869 0.1435469 0.1337855 0.1439642 0.1460841 0.0406276 0.0881209 0.1439642 0.1563799 0.1419144 0.0881209 0.0402789 0.1589418 0.1456507 0.0870514 0.0942411 0.1995299 0.1439642 0.1616041 0.0933294 0.2910659 0.1584047 0.2390541 0.1435157 0.0947472 0.2107757 0.2286694 0.0866414 0.0892212 0.0893204 0.0870514 0.0947472 0.1610430 0.2122591 0.3702600 0.1352262 0.0406276 0.1439642 0.0892212 0.0960419 0.1419144 0.2130751 0.1456507 0.0870514 0.1526036 0.1439642 0.1419144 0.0870514 0.0870514 0.2130751 0.0896537 0.3002680 0.0876833 0.1355869 0.2095185 0.2167713 0.0960419 0.1419144 0.2049343 0.1337855 0.1439642 0.1526036 0.2119512 0.2130751 0.2122591 0.1563799 0.1456507 0.0870514 0.0879269 0.0876833 0.1435469 0.0881209 0.2910659 0.1355869 0.0870514 0.3343170 0.2679895 0.2679895 0.1419144 0.2130751 0.2995782 0.1964224 0.2310934 0.0406960 0.1464651 0.1435469 0.1337855 0.1355869 0.1355869 0.1694449 
AA0052-Cb_GHcol 0.0896537 0.2400359 0.1487059 0.2140026 0.3890661 0.2004210 0.2004210 0.1465095 0.2036560 0.1487059 0.2216099 0.2987855 0.2216099 0.2400359 0.1465095 0.4600770 0.1620222 0.2177099 0.0000000 0.3104157 0.2987855 0.2177099 0.2177099 0.2140026 0.1620222 0.2140026 0.3423271 0.3423271 0.2140026 0.6022029 0.4013466 0.1465095 0.2724089 0.2724089 0.2917895 0.2168532 0.6252093 0.1487059 0.4714167 0.2004210 0.2168532 0.2749648 0.3656038 0.3104157 0.4600770 0.2917895 0.3423271 0.2140026 0.2787518 0.4602148 0.1465095 0.2119512 0.2168532 0.2036560 0.3047074 0.3403104 0.2917895 0.3002680 0.4492170 0.3062625 0.2787518 0.2987855 0.3403104 0.2749648 0.2168532 0.3104157 0.2800251 0.2987855 0.2749648 0.1465095 0.1487059 0.3047074 0.0896537 0.1465095 0.6022029 0.2945145 0.2177099 0.3002680 0.3423271 0.1482547 0.2140026 0.4602148 0.3780198 0.1465095 0.3501598 0.2311588 0.2960274 0.3403104 0.4681212 0.3015955 0.4600770 0.4013466 0.4492170 0.2119512 0.2215647 0.4272720 0.3993227 0.4600770 0.3480367 0.4031720 0.1863320 0.2787518 0.3047074 0.3002680 0.2215647 0.4714167 0.2945145 0.2168532 0.3047074 0.2140026 0.3188101 0.3002680 0.2945145 0.2140026 0.2140026 0.2168532 0.0838104 0.0384388 0.2177241 0.1378666 0.3969599 0.2206685 0.2448224 0.2945145 0.3890661 0.2749648 0.3002680 0.3188101 0.4039569 0.4056131 0.4031720 0.3348340 0.1482547 0.2140026 0.4056131 0.2177241 0.2987855 0.2177099 0.2960274 0.2800251 0.2140026 0.3403104 0.2724089 0.2724089 0.2945145 0.2168532 0.3047074 0.3702600 0.4492170 0.3062625 0.3104157 0.2987855 0.2749648 0.1378666 0.1378666 0.3656038 
AA0053-Ca_GHcol 0.1464651 0.0381963 0.2190419 0.1443231 0.2902358 0.1358709 0.1358709 0.0882164 0.2836162 0.2190419 0.1491133 0.2143629 0.1491133 0.0381963 0.0882164 0.1355069 0.0832056 0.1464651 0.3104157 0.0000000 0.2143629 0.1464651 0.1464651 0.1443231 0.0832056 0.1443231 0.0832056 0.0832056 0.1443231 0.1976174 0.2998446 0.2152106 0.1962731 0.1962731 0.2094937 0.3034314 0.2026248 0.2190419 0.1373761 0.1358709 0.1460268 0.1980439 0.0878743 0.0000010 0.1355069 0.2094937 0.0832056 0.1443231 0.2005232 0.3417836 0.2152106 0.1432335 0.1460268 0.2836162 0.4177337 0.0830356 0.2094937 0.2152106 0.1328045 0.2190419 0.3793012 0.4082098 0.2000876 0.1980439 0.3034314 0.0781732 0.2012437 0.2143629 0.1980439 0.2152106 0.2190419 0.2181541 0.1464651 0.2152106 0.1976174 0.2115298 0.1464651 0.2152106 0.2008048 0.2181541 0.1443231 0.3417836 0.1494301 0.2152106 0.2041143 0.1554613 0.4066967 0.0830356 0.2814728 0.2151982 0.1355069 0.2998446 0.1328045 0.1432335 0.3114228 0.1280265 0.2988933 0.1355069 0.2033655 0.3018659 0.5084657 0.2005232 0.2181541 0.2152106 0.3114228 0.1373761 0.2115298 0.3034314 0.2181541 0.1443231 0.2286552 0.2152106 0.2115298 0.1443231 0.1443231 0.3034314 0.1491133 0.4174338 0.1460133 0.2012437 0.2973826 0.3097508 0.1373761 0.2115298 0.2902358 0.1980439 0.2152106 0.2286552 0.3012586 0.3034314 0.3018659 0.0822576 0.2181541 0.1443231 0.3034314 0.1460133 0.2143629 0.1464651 0.4066967 0.2012437 0.1443231 0.2000876 0.3710946 0.3710946 0.2115298 0.3034314 0.4177337 0.1471803 0.1336964 0.2190419 0.0781732 0.2143629 0.0886510 0.2012437 0.2012437 0.0878743 
AA0053-Cb_GHcol 0.1435469 0.1558651 0.2130751 0.1415122 0.1385548 0.1334370 0.1334370 0.0868632 0.2741995 0.2130751 0.1460755 0.0000010 0.1460755 0.1558651 0.0868632 0.3271010 0.2344763 0.1435469 0.2987855 0.2143629 0.0000000 0.1435469 0.1435469 0.0398077 0.2344763 0.1415122 0.2344763 0.2344763 0.0398077 0.2300897 0.1418887 0.0868632 0.1917686 0.1917686 0.2041957 0.0400485 0.2332303 0.2130751 0.3343170 0.1334370 0.0400485 0.0814026 0.2500230 0.2143629 0.3271010 0.2041957 0.2344763 0.1415122 0.0817935 0.1552041 0.0868632 0.1404850 0.0400485 0.2741995 0.0872928 0.0937427 0.0854354 0.0868632 0.3172875 0.2130751 0.0817935 0.0862504 0.0937427 0.0814026 0.0400485 0.2143629 0.1964224 0.0862504 0.0814026 0.2095185 0.2130751 0.0872928 0.1435469 0.2095185 0.2300897 0.0858285 0.1435469 0.0868632 0.2344763 0.0872928 0.1415122 0.1552041 0.1338735 0.2095185 0.4609621 0.1521277 0.2043076 0.0937427 0.3251152 0.0864351 0.1558651 0.1418887 0.3172875 0.1404850 0.2995782 0.3034314 0.1415122 0.1558651 0.2342557 0.1415563 0.1342858 0.0817935 0.0872928 0.0868632 0.2995782 0.3343170 0.0858285 0.1419560 0.0872928 0.1415122 0.0919143 0.0868632 0.0858285 0.1415122 0.1415122 0.1419560 0.1460755 0.2131829 0.1430990 0.1964224 0.0396473 0.1439921 0.3343170 0.0858285 0.1385548 0.0814026 0.0868632 0.0919143 0.2903928 0.0400485 0.1415563 0.2300897 0.0872928 0.1415122 0.0400485 0.1430990 0.0862504 0.1435469 0.0858531 0.1964224 0.1415122 0.0937427 0.1917686 0.1917686 0.0858285 0.1419560 0.0872928 0.0377936 0.1534185 0.2130751 0.2143629 0.0862504 0.0814026 0.1964224 0.1964224 0.2500230 
AA0054-Cb_GHcol 0.0881209 0.0947472 0.0406960 0.0870514 0.2049343 0.0824903 0.0824903 0.0402789 0.2002344 0.0406960 0.0896537 0.1435469 0.0896537 0.0947472 0.0402789 0.0947472 0.1589418 0.0000010 0.2177099 0.1464651 0.1435469 0.0000000 0.0881209 0.0870514 0.1589418 0.0870514 0.0433866 0.1589418 0.0870514 0.1563799 0.2107757 0.1439642 0.1328976 0.1328976 0.1408783 0.2130751 0.1604877 0.1460841 0.0960419 0.0824903 0.0879269 0.1337855 0.1694449 0.1464651 0.0947472 0.1408783 0.0433866 0.0870514 0.1352262 0.0942411 0.1439642 0.0866414 0.0879269 0.0834407 0.1456507 0.1584047 0.1408783 0.0402789 0.2286694 0.0406960 0.2741995 0.2938062 0.3343170 0.1337855 0.2130751 0.1464651 0.1355869 0.1435469 0.1337855 0.1439642 0.1460841 0.0406276 0.0881209 0.1439642 0.1563799 0.1419144 0.0881209 0.0402789 0.1589418 0.1456507 0.0870514 0.0942411 0.1995299 0.1439642 0.1616041 0.0933294 0.2910659 0.1584047 0.2390541 0.1435157 0.0947472 0.2107757 0.2286694 0.0866414 0.0892212 0.0893204 0.0870514 0.0947472 0.1610430 0.2122591 0.3702600 0.1352262 0.0406276 0.1439642 0.0892212 0.0960419 0.1419144 0.2130751 0.1456507 0.0870514 0.1526036 0.1439642 0.1419144 0.0870514 0.0870514 0.2130751 0.0896537 0.3002680 0.0876833 0.1355869 0.2095185 0.2167713 0.0960419 0.1419144 0.2049343 0.1337855 0.1439642 0.1526036 0.2119512 0.2130751 0.2122591 0.1563799 0.1456507 0.0870514 0.0879269 0.0876833 0.1435469 0.0881209 0.2910659 0.1355869 0.0870514 0.3343170 0.2679895 0.2679895 0.1419144 0.2130751 0.2995782 0.1964224 0.2310934 0.0406960 0.1464651 0.1435469 0.1337855 0.1355869 0.1355869 0.1694449 
AA0055-Ca_GHcol 0.0881209 0.0947472 0.1460841 0.0870514 0.2049343 0.0824903 0.0824903 0.0402789 0.0834407 0.1460841 0.0896537 0.1435469 0.0896537 0.0947472 0.0402789 0.2355301 0.1589418 0.0881209 0.2177099 0.1464651 0.1435469 0.0881209 0.0000000 0.0870514 0.1589418 0.0870514 0.1589418 0.0433866 0.0870514 0.3289607 0.2107757 0.1439642 0.1328976 0.1328976 0.1408783 0.2130751 0.3398314 0.0406960 0.0960419 0.0824903 0.0879269 0.1337855 0.1694449 0.1464651 0.2355301 0.1408783 0.1589418 0.0870514 0.1352262 0.2348498 0.1439642 0.0866414 0.0879269 0.2002344 0.2995782 0.1584047 0.1408783 0.1439642 0.2286694 0.0406960 0.2741995 0.2938062 0.3343170 0.1337855 0.2130751 0.1464651 0.1355869 0.1435469 0.1337855 0.0402789 0.0406960 0.1456507 0.0881209 0.1439642 0.3289607 0.1419144 0.0000010 0.1439642 0.3362747 0.1456507 0.0870514 0.2348498 0.0832701 0.1439642 0.1616041 0.0933294 0.2910659 0.1584047 0.4609621 0.1435157 0.2355301 0.2107757 0.2286694 0.0866414 0.0892212 0.2190419 0.2103084 0.2355301 0.3418615 0.2122591 0.3702600 0.1352262 0.1456507 0.0402789 0.2176342 0.0960419 0.1419144 0.2130751 0.0406276 0.0870514 0.1526036 0.0402789 0.1419144 0.0870514 0.0870514 0.2130751 0.0896537 0.3002680 0.0876833 0.1355869 0.2095185 0.0890210 0.2401618 0.1419144 0.2049343 0.1337855 0.1439642 0.1526036 0.2119512 0.2130751 0.2122591 0.1563799 0.1456507 0.0870514 0.2130751 0.0876833 0.1435469 0.0881209 0.2910659 0.1355869 0.0870514 0.3343170 0.2679895 0.2679895 0.1419144 0.2130751 0.2995782 0.1964224 0.2310934 0.0406960 0.1464651 0.1435469 0.1337855 0.1355869 0.1355869 0.1694449 
AA0056-Ca_GHcol 0.0870514 0.0934922 0.1439642 0.0860112 0.0846170 0.0815637 0.0815637 0.0398720 0.1970983 0.1439642 0.0885460 0.0398077 0.0885460 0.0934922 0.0398720 0.2310934 0.1563799 0.0870514 0.2140026 0.1443231 0.0398077 0.0870514 0.0870514 0.0000000 0.1563799 0.0860112 0.1563799 0.1563799 0.0000010 0.1539124 0.0863393 0.0398720 0.1311830 0.1311830 0.1389344 0.0868632 0.3323891 0.1439642 0.2355301 0.0815637 0.0868632 0.0376335 0.1665415 0.1443231 0.2310934 0.1389344 0.1563799 0.0860112 0.1334370 0.0929973 0.0398720 0.0856155 0.0868632 0.1970983 0.1435469 0.1558651 0.0393900 0.0398720 0.2245062 0.1439642 0.1334370 0.1415122 0.1558651 0.0376335 0.0868632 0.1443231 0.1337855 0.1415122 0.0376335 0.1419144 0.1439642 0.1435469 0.0870514 0.1419144 0.1539124 0.0394738 0.0870514 0.0398720 0.1563799 0.1435469 0.0860112 0.0929973 0.1964224 0.1419144 0.3362747 0.0921279 0.2855812 0.1558651 0.4499354 0.0396326 0.0934922 0.0863393 0.2245062 0.0856155 0.2139003 0.2152106 0.0860112 0.0934922 0.3343170 0.2087373 0.1966275 0.1334370 0.1435469 0.0398720 0.2139003 0.2355301 0.0394738 0.2095185 0.1435469 0.0860112 0.0421201 0.0398720 0.0394738 0.0860112 0.0860112 0.2095185 0.0885460 0.1443882 0.0866218 0.1337855 0.0858285 0.2130751 0.2355301 0.0394738 0.0846170 0.0376335 0.0398720 0.0421201 0.2084579 0.0868632 0.2087373 0.1539124 0.1435469 0.0860112 0.0868632 0.0866218 0.1415122 0.0870514 0.1404850 0.1337855 0.0860112 0.1558651 0.1311830 0.1311830 0.0394738 0.2095185 0.1435469 0.0814026 0.0922749 0.1439642 0.1443231 0.1415122 0.0376335 0.1337855 0.1337855 0.1665415 
AA0063-Ca_GHcol 0.0433866 0.0405131 0.0960419 0.1563799 0.3190448 0.1464651 0.1464651 0.0947472 0.1486847 0.0960419 0.1620222 0.2344763 0.1620222 0.0405131 0.0947472 0.1460712 0.0000010 0.1589418 0.1620222 0.0832056 0.2344763 0.1589418 0.1589418 0.1563799 0.0000000 0.1563799 0.0889750 0.0889750 0.1563799 0.2147178 0.3302496 0.0947472 0.2130943 0.2130943 0.2286694 0.1584047 0.2206623 0.0960419 0.1482835 0.1464651 0.1584047 0.2152106 0.0943170 0.0832056 0.1460712 0.2286694 0.0889750 0.1563799 0.2181541 0.3803018 0.0947472 0.1550390 0.1584047 0.1486847 0.2390541 0.0887753 0.2286694 0.2355301 0.1428511 0.2401618 0.2181541 0.2344763 0.0887753 0.2152106 0.1584047 0.0832056 0.2190419 0.2344763 0.2152106 0.2355301 0.0960419 0.2390541 0.0433866 0.0947472 0.2147178 0.2310934 0.1589418 0.2355301 0.0889750 0.0958026 0.1563799 0.3803018 0.3097508 0.0947472 0.0901053 0.1694449 0.2319844 0.0887753 0.1478292 0.2357724 0.1460712 0.3302496 0.1428511 0.1550390 0.1616041 0.1373761 0.3289607 0.1460712 0.0898993 0.3323891 0.5589970 0.2181541 0.2390541 0.2355301 0.1616041 0.1482835 0.2310934 0.1584047 0.2390541 0.1563799 0.2512354 0.2355301 0.2310934 0.1563799 0.1563799 0.1584047 0.1620222 0.2400359 0.1585015 0.0893204 0.3271010 0.1610430 0.0409366 0.2310934 0.3190448 0.2152106 0.2355301 0.2512354 0.3319398 0.3343170 0.3323891 0.0878769 0.0958026 0.1563799 0.3343170 0.1585015 0.2344763 0.1589418 0.2319844 0.2190419 0.1563799 0.0887753 0.2130943 0.2130943 0.2310934 0.1584047 0.2390541 0.3034314 0.1439360 0.2401618 0.0832056 0.2344763 0.2152106 0.0893204 0.0893204 0.0943170 
